1 0.01875 0.11458333333333333 0.0375 0.22916666666666666
1 0.071875 0.11458333333333333 0.0375 0.22916666666666666
1 0.125 0.11458333333333333 0.0375 0.22916666666666666
1 0.178125 0.11458333333333333 0.0375 0.22916666666666666
2 0.24375 0.10625 0.0625 0.2125
2 0.321875 0.10625 0.0625 0.2125
2 0.4 0.10625 0.0625 0.2125
2 0.478125 0.10625 0.0625 0.2125
2 0.55625 0.10625 0.0625 0.2125
2 0.634375 0.10625 0.0625 0.2125
2 0.7125 0.10625 0.0625 0.2125
2 0.790625 0.10625 0.0625 0.2125
2 0.86875 0.10625 0.0625 0.2125
2 0.946875 0.10625 0.0625 0.2125
2 0.03125 0.35625 0.0625 0.2125
2 0.109375 0.35625 0.0625 0.2125
