1 0.015625 0.1125 0.03125 0.225
1 0.0625 0.1125 0.03125 0.225
1 0.109375 0.1125 0.03125 0.225
1 0.15625 0.1125 0.03125 0.225
6 0.2171875 0.1125 0.059375 0.225
6 0.2921875 0.1125 0.059375 0.225
6 0.3671875 0.1125 0.059375 0.225
6 0.4421875 0.1125 0.059375 0.225
6 0.5171875 0.1125 0.059375 0.225
6 0.5921875 0.1125 0.059375 0.225
6 0.6671875 0.1125 0.059375 0.225
6 0.7421875 0.1125 0.059375 0.225
6 0.8171875 0.1125 0.059375 0.225
6 0.8921875 0.1125 0.059375 0.225
6 0.9671875 0.1125 0.059375 0.225
6 0.0296875 0.3625 0.059375 0.225
6 0.1046875 0.3625 0.059375 0.225
6 0.1796875 0.3625 0.059375 0.225
6 0.2546875 0.3625 0.059375 0.225
2 0.33125 0.36041666666666666 0.0625 0.22083333333333333
2 0.409375 0.36041666666666666 0.0625 0.22083333333333333
2 0.4875 0.36041666666666666 0.0625 0.22083333333333333
2 0.565625 0.36041666666666666 0.0625 0.22083333333333333
2 0.64375 0.36041666666666666 0.0625 0.22083333333333333
2 0.721875 0.36041666666666666 0.0625 0.22083333333333333
2 0.8 0.36041666666666666 0.0625 0.22083333333333333
2 0.878125 0.36041666666666666 0.0625 0.22083333333333333
2 0.95625 0.36041666666666666 0.0625 0.22083333333333333
2 0.03125 0.6104166666666667 0.0625 0.22083333333333333
2 0.109375 0.6104166666666667 0.0625 0.22083333333333333
2 0.1875 0.6104166666666667 0.0625 0.22083333333333333
