4 0.0296875 0.11041666666666666 0.059375 0.22083333333333333
4 0.1046875 0.11041666666666666 0.059375 0.22083333333333333
4 0.1796875 0.11041666666666666 0.059375 0.22083333333333333
4 0.2546875 0.11041666666666666 0.059375 0.22083333333333333
4 0.3296875 0.11041666666666666 0.059375 0.22083333333333333
4 0.4046875 0.11041666666666666 0.059375 0.22083333333333333
4 0.4796875 0.11041666666666666 0.059375 0.22083333333333333
4 0.5546875 0.11041666666666666 0.059375 0.22083333333333333
4 0.6296875 0.11041666666666666 0.059375 0.22083333333333333
4 0.7046875 0.11041666666666666 0.059375 0.22083333333333333
4 0.7796875 0.11041666666666666 0.059375 0.22083333333333333
4 0.8546875 0.11041666666666666 0.059375 0.22083333333333333
4 0.9296875 0.11041666666666666 0.059375 0.22083333333333333
4 0.0296875 0.36041666666666666 0.059375 0.22083333333333333
4 0.1046875 0.36041666666666666 0.059375 0.22083333333333333
4 0.1796875 0.36041666666666666 0.059375 0.22083333333333333
4 0.2546875 0.36041666666666666 0.059375 0.22083333333333333
4 0.3296875 0.36041666666666666 0.059375 0.22083333333333333
4 0.4046875 0.36041666666666666 0.059375 0.22083333333333333
4 0.4796875 0.36041666666666666 0.059375 0.22083333333333333
4 0.5546875 0.36041666666666666 0.059375 0.22083333333333333
4 0.6296875 0.36041666666666666 0.059375 0.22083333333333333
4 0.7046875 0.36041666666666666 0.059375 0.22083333333333333
4 0.7796875 0.36041666666666666 0.059375 0.22083333333333333
4 0.8546875 0.36041666666666666 0.059375 0.22083333333333333
4 0.9296875 0.35625 0.059375 0.2125
4 0.0296875 0.60625 0.059375 0.2125
4 0.1046875 0.60625 0.059375 0.2125
4 0.1796875 0.60625 0.059375 0.2125
4 0.2546875 0.60625 0.059375 0.2125
4 0.3296875 0.60625 0.059375 0.2125
4 0.4046875 0.60625 0.059375 0.2125
4 0.4796875 0.60625 0.059375 0.2125
4 0.5546875 0.60625 0.059375 0.2125
4 0.6296875 0.60625 0.059375 0.2125
4 0.7046875 0.60625 0.059375 0.2125
4 0.7796875 0.60625 0.059375 0.2125
4 0.8546875 0.60625 0.059375 0.2125
4 0.9296875 0.60625 0.059375 0.2125
4 0.0296875 0.85625 0.059375 0.2125
4 0.1046875 0.85625 0.059375 0.2125
4 0.1796875 0.85625 0.059375 0.2125
4 0.2546875 0.85625 0.059375 0.2125
4 0.3296875 0.85625 0.059375 0.2125
4 0.4046875 0.85625 0.059375 0.2125
4 0.4796875 0.85625 0.059375 0.2125
4 0.5546875 0.85625 0.059375 0.2125
4 0.6296875 0.85625 0.059375 0.2125
4 0.7046875 0.85625 0.059375 0.2125
4 0.7796875 0.85625 0.059375 0.2125
