1 0.015625 0.10833333333333334 0.03125 0.21666666666666667
1 0.0625 0.10833333333333334 0.03125 0.21666666666666667
1 0.109375 0.10833333333333334 0.03125 0.21666666666666667
1 0.15625 0.10833333333333334 0.03125 0.21666666666666667
5 0.215625 0.10833333333333334 0.05625 0.21666666666666667
5 0.2875 0.10833333333333334 0.05625 0.21666666666666667
5 0.359375 0.10833333333333334 0.05625 0.21666666666666667
5 0.43125 0.10833333333333334 0.05625 0.21666666666666667
5 0.503125 0.10833333333333334 0.05625 0.21666666666666667
5 0.575 0.10833333333333334 0.05625 0.21666666666666667
5 0.646875 0.10833333333333334 0.05625 0.21666666666666667
5 0.71875 0.10833333333333334 0.05625 0.21666666666666667
5 0.790625 0.10833333333333334 0.05625 0.21666666666666667
5 0.8625 0.10833333333333334 0.05625 0.21666666666666667
5 0.934375 0.10833333333333334 0.05625 0.21666666666666667
5 0.028125 0.35833333333333334 0.05625 0.21666666666666667
5 0.1 0.35833333333333334 0.05625 0.21666666666666667
5 0.171875 0.35833333333333334 0.05625 0.21666666666666667
5 0.24375 0.35833333333333334 0.05625 0.21666666666666667
5 0.315625 0.35833333333333334 0.05625 0.21666666666666667
5 0.3875 0.35833333333333334 0.05625 0.21666666666666667
5 0.459375 0.35833333333333334 0.05625 0.21666666666666667
5 0.53125 0.35833333333333334 0.05625 0.21666666666666667
5 0.603125 0.35833333333333334 0.05625 0.21666666666666667
5 0.675 0.35833333333333334 0.05625 0.21666666666666667
5 0.746875 0.35833333333333334 0.05625 0.21666666666666667
5 0.81875 0.35833333333333334 0.05625 0.21666666666666667
5 0.890625 0.35833333333333334 0.05625 0.21666666666666667
5 0.9625 0.35833333333333334 0.05625 0.21666666666666667
5 0.028125 0.6083333333333333 0.05625 0.21666666666666667
5 0.1 0.6083333333333333 0.05625 0.21666666666666667
5 0.171875 0.6083333333333333 0.05625 0.21666666666666667
5 0.24375 0.6083333333333333 0.05625 0.21666666666666667
5 0.315625 0.6083333333333333 0.05625 0.21666666666666667
5 0.3875 0.6083333333333333 0.05625 0.21666666666666667
5 0.459375 0.6083333333333333 0.05625 0.21666666666666667
5 0.53125 0.6083333333333333 0.05625 0.21666666666666667
5 0.603125 0.6083333333333333 0.05625 0.21666666666666667
5 0.675 0.6083333333333333 0.05625 0.21666666666666667
5 0.746875 0.6083333333333333 0.05625 0.21666666666666667
5 0.81875 0.6083333333333333 0.05625 0.21666666666666667
5 0.890625 0.6083333333333333 0.05625 0.21666666666666667
5 0.9625 0.6083333333333333 0.05625 0.21666666666666667
5 0.028125 0.8583333333333333 0.05625 0.21666666666666667
