1 0.0171875 0.11041666666666666 0.034375 0.22083333333333333
1 0.0671875 0.11041666666666666 0.034375 0.22083333333333333
1 0.1171875 0.11041666666666666 0.034375 0.22083333333333333
1 0.1671875 0.11041666666666666 0.034375 0.22083333333333333
6 0.228125 0.10833333333333334 0.05625 0.21666666666666667
6 0.3 0.10833333333333334 0.05625 0.21666666666666667
6 0.371875 0.10833333333333334 0.05625 0.21666666666666667
6 0.44375 0.10833333333333334 0.05625 0.21666666666666667
6 0.515625 0.10833333333333334 0.05625 0.21666666666666667
6 0.5875 0.10833333333333334 0.05625 0.21666666666666667
6 0.659375 0.10833333333333334 0.05625 0.21666666666666667
6 0.73125 0.10833333333333334 0.05625 0.21666666666666667
6 0.803125 0.10833333333333334 0.05625 0.21666666666666667
6 0.875 0.10833333333333334 0.05625 0.21666666666666667
6 0.946875 0.10833333333333334 0.05625 0.21666666666666667
6 0.028125 0.35833333333333334 0.05625 0.21666666666666667
6 0.1 0.35833333333333334 0.05625 0.21666666666666667
6 0.171875 0.35833333333333334 0.05625 0.21666666666666667
6 0.24375 0.35833333333333334 0.05625 0.21666666666666667
1 0.303125 0.3625 0.03125 0.225
1 0.35 0.3625 0.03125 0.225
1 0.396875 0.3625 0.03125 0.225
1 0.44375 0.3625 0.03125 0.225
