2 0.0296875 0.10625 0.059375 0.2125
2 0.1046875 0.10625 0.059375 0.2125
2 0.1796875 0.10625 0.059375 0.2125
2 0.2546875 0.10625 0.059375 0.2125
2 0.3296875 0.10625 0.059375 0.2125
2 0.4046875 0.10625 0.059375 0.2125
2 0.4796875 0.10625 0.059375 0.2125
2 0.5546875 0.10625 0.059375 0.2125
2 0.6296875 0.10625 0.059375 0.2125
2 0.7046875 0.10625 0.059375 0.2125
2 0.7796875 0.10625 0.059375 0.2125
2 0.8546875 0.10625 0.059375 0.2125
6 0.9296875 0.10833333333333334 0.059375 0.21666666666666667
6 0.0296875 0.35833333333333334 0.059375 0.21666666666666667
6 0.1046875 0.35833333333333334 0.059375 0.21666666666666667
6 0.1796875 0.35833333333333334 0.059375 0.21666666666666667
6 0.2546875 0.35833333333333334 0.059375 0.21666666666666667
6 0.3296875 0.35833333333333334 0.059375 0.21666666666666667
6 0.4046875 0.35833333333333334 0.059375 0.21666666666666667
6 0.4796875 0.35833333333333334 0.059375 0.21666666666666667
6 0.5546875 0.35833333333333334 0.059375 0.21666666666666667
6 0.6296875 0.35833333333333334 0.059375 0.21666666666666667
6 0.7046875 0.35833333333333334 0.059375 0.21666666666666667
6 0.7796875 0.35833333333333334 0.059375 0.21666666666666667
6 0.8546875 0.35833333333333334 0.059375 0.21666666666666667
6 0.9296875 0.35833333333333334 0.059375 0.21666666666666667
6 0.0296875 0.6083333333333333 0.059375 0.21666666666666667
5 0.1 0.6083333333333333 0.05 0.21666666666666667
5 0.165625 0.6083333333333333 0.05 0.21666666666666667
5 0.23125 0.6083333333333333 0.05 0.21666666666666667
5 0.296875 0.6083333333333333 0.05 0.21666666666666667
5 0.3625 0.6083333333333333 0.05 0.21666666666666667
5 0.428125 0.6083333333333333 0.05 0.21666666666666667
5 0.49375 0.6083333333333333 0.05 0.21666666666666667
5 0.559375 0.6083333333333333 0.05 0.21666666666666667
5 0.625 0.6083333333333333 0.05 0.21666666666666667
5 0.690625 0.6083333333333333 0.05 0.21666666666666667
5 0.75625 0.6083333333333333 0.05 0.21666666666666667
5 0.821875 0.6083333333333333 0.05 0.21666666666666667
5 0.8875 0.6083333333333333 0.05 0.21666666666666667
5 0.953125 0.6083333333333333 0.05 0.21666666666666667
5 0.025 0.8583333333333333 0.05 0.21666666666666667
5 0.090625 0.8583333333333333 0.05 0.21666666666666667
5 0.15625 0.8583333333333333 0.05 0.21666666666666667
5 0.221875 0.8583333333333333 0.05 0.21666666666666667
5 0.2875 0.8583333333333333 0.05 0.21666666666666667
5 0.353125 0.8583333333333333 0.05 0.21666666666666667
