1 0.015625 0.11666666666666667 0.03125 0.23333333333333334
1 0.0625 0.11666666666666667 0.03125 0.23333333333333334
1 0.109375 0.11666666666666667 0.03125 0.23333333333333334
1 0.15625 0.11666666666666667 0.03125 0.23333333333333334
2 0.2171875 0.1125 0.059375 0.225
2 0.2921875 0.1125 0.059375 0.225
2 0.3671875 0.1125 0.059375 0.225
2 0.4421875 0.1125 0.059375 0.225
2 0.5171875 0.1125 0.059375 0.225
2 0.5921875 0.1125 0.059375 0.225
2 0.6671875 0.1125 0.059375 0.225
2 0.7421875 0.1125 0.059375 0.225
2 0.8171875 0.1125 0.059375 0.225
2 0.8921875 0.1125 0.059375 0.225
2 0.9671875 0.1125 0.059375 0.225
2 0.0296875 0.3625 0.059375 0.225
1 0.09375 0.36041666666666666 0.0375 0.22083333333333333
1 0.146875 0.36041666666666666 0.0375 0.22083333333333333
1 0.2 0.36041666666666666 0.0375 0.22083333333333333
1 0.253125 0.36041666666666666 0.0375 0.22083333333333333
