1 0.0171875 0.11458333333333333 0.034375 0.22916666666666666
1 0.0671875 0.11458333333333333 0.034375 0.22916666666666666
1 0.1171875 0.11458333333333333 0.034375 0.22916666666666666
1 0.1671875 0.11458333333333333 0.034375 0.22916666666666666
2 0.2328125 0.11458333333333333 0.065625 0.22916666666666666
2 0.3140625 0.11458333333333333 0.065625 0.22916666666666666
2 0.3953125 0.11458333333333333 0.065625 0.22916666666666666
2 0.4765625 0.11458333333333333 0.065625 0.22916666666666666
2 0.5578125 0.11458333333333333 0.065625 0.22916666666666666
2 0.6390625 0.11458333333333333 0.065625 0.22916666666666666
2 0.7203125 0.11458333333333333 0.065625 0.22916666666666666
2 0.8015625 0.11458333333333333 0.065625 0.22916666666666666
2 0.8828125 0.11458333333333333 0.065625 0.22916666666666666
2 0.9640625 0.11458333333333333 0.065625 0.22916666666666666
2 0.0328125 0.3645833333333333 0.065625 0.22916666666666666
2 0.1140625 0.3645833333333333 0.065625 0.22916666666666666
6 0.19375 0.3625 0.0625 0.225
6 0.271875 0.3625 0.0625 0.225
6 0.35 0.3625 0.0625 0.225
6 0.428125 0.3625 0.0625 0.225
6 0.50625 0.3625 0.0625 0.225
6 0.584375 0.3625 0.0625 0.225
6 0.6625 0.3625 0.0625 0.225
6 0.740625 0.3625 0.0625 0.225
6 0.81875 0.3625 0.0625 0.225
6 0.896875 0.3625 0.0625 0.225
6 0.03125 0.6125 0.0625 0.225
6 0.109375 0.6125 0.0625 0.225
6 0.1875 0.6125 0.0625 0.225
6 0.265625 0.6125 0.0625 0.225
6 0.34375 0.6125 0.0625 0.225
8 0.421875 0.6145833333333334 0.0625 0.22916666666666666
8 0.5 0.6145833333333334 0.0625 0.22916666666666666
8 0.578125 0.6145833333333334 0.0625 0.22916666666666666
8 0.65625 0.6145833333333334 0.0625 0.22916666666666666
8 0.734375 0.6145833333333334 0.0625 0.22916666666666666
8 0.8125 0.6145833333333334 0.0625 0.22916666666666666
8 0.890625 0.6145833333333334 0.0625 0.22916666666666666
8 0.03125 0.8645833333333334 0.0625 0.22916666666666666
8 0.109375 0.8645833333333334 0.0625 0.22916666666666666
8 0.1875 0.8645833333333334 0.0625 0.22916666666666666
8 0.265625 0.8645833333333334 0.0625 0.22916666666666666
8 0.34375 0.8645833333333334 0.0625 0.22916666666666666
8 0.421875 0.8645833333333334 0.0625 0.22916666666666666
8 0.5 0.8645833333333334 0.0625 0.22916666666666666
8 0.578125 0.8645833333333334 0.0625 0.22916666666666666
8 0.65625 0.8645833333333334 0.0625 0.22916666666666666
8 0.734375 0.8645833333333334 0.0625 0.22916666666666666
8 0.8125 0.8645833333333334 0.0625 0.22916666666666666
8 0.890625 0.8645833333333334 0.0625 0.22916666666666666
