1 0.015625 0.11041666666666666 0.03125 0.22083333333333333
1 0.0625 0.11041666666666666 0.03125 0.22083333333333333
1 0.109375 0.11041666666666666 0.03125 0.22083333333333333
1 0.15625 0.11041666666666666 0.03125 0.22083333333333333
6 0.2171875 0.10833333333333334 0.059375 0.21666666666666667
6 0.2921875 0.10833333333333334 0.059375 0.21666666666666667
6 0.3671875 0.10833333333333334 0.059375 0.21666666666666667
6 0.4421875 0.10833333333333334 0.059375 0.21666666666666667
6 0.5171875 0.10833333333333334 0.059375 0.21666666666666667
6 0.5921875 0.10833333333333334 0.059375 0.21666666666666667
6 0.6671875 0.10833333333333334 0.059375 0.21666666666666667
6 0.7421875 0.10833333333333334 0.059375 0.21666666666666667
6 0.8171875 0.10833333333333334 0.059375 0.21666666666666667
6 0.8921875 0.10833333333333334 0.059375 0.21666666666666667
6 0.9671875 0.10833333333333334 0.059375 0.21666666666666667
6 0.0296875 0.35833333333333334 0.059375 0.21666666666666667
6 0.1046875 0.35833333333333334 0.059375 0.21666666666666667
6 0.1796875 0.35833333333333334 0.059375 0.21666666666666667
6 0.2546875 0.35833333333333334 0.059375 0.21666666666666667
5 0.325 0.3625 0.05 0.225
5 0.390625 0.3625 0.05 0.225
5 0.45625 0.3625 0.05 0.225
5 0.521875 0.3625 0.05 0.225
5 0.5875 0.3625 0.05 0.225
5 0.653125 0.3625 0.05 0.225
5 0.71875 0.3625 0.05 0.225
5 0.784375 0.3625 0.05 0.225
5 0.85 0.3625 0.05 0.225
5 0.915625 0.3625 0.05 0.225
5 0.025 0.6125 0.05 0.225
5 0.090625 0.6125 0.05 0.225
5 0.15625 0.6125 0.05 0.225
5 0.221875 0.6125 0.05 0.225
5 0.2875 0.6125 0.05 0.225
5 0.353125 0.6125 0.05 0.225
5 0.41875 0.6125 0.05 0.225
5 0.484375 0.6125 0.05 0.225
5 0.55 0.6125 0.05 0.225
5 0.615625 0.6125 0.05 0.225
