1 0.01875 0.1125 0.0375 0.225
1 0.071875 0.1125 0.0375 0.225
1 0.125 0.1125 0.0375 0.225
1 0.178125 0.1125 0.0375 0.225
3 0.240625 0.1125 0.05625 0.225
3 0.3125 0.1125 0.05625 0.225
3 0.384375 0.1125 0.05625 0.225
3 0.45625 0.1125 0.05625 0.225
3 0.528125 0.1125 0.05625 0.225
3 0.6 0.1125 0.05625 0.225
3 0.671875 0.1125 0.05625 0.225
3 0.74375 0.1125 0.05625 0.225
3 0.815625 0.1125 0.05625 0.225
3 0.8875 0.1125 0.05625 0.225
3 0.959375 0.1125 0.05625 0.225
3 0.028125 0.3625 0.05625 0.225
3 0.1 0.3625 0.05625 0.225
3 0.171875 0.3625 0.05625 0.225
3 0.24375 0.3625 0.05625 0.225
3 0.315625 0.3625 0.05625 0.225
3 0.3875 0.3625 0.05625 0.225
3 0.459375 0.3625 0.05625 0.225
3 0.53125 0.3625 0.05625 0.225
3 0.603125 0.3625 0.05625 0.225
3 0.6765625 0.36041666666666666 0.059375 0.22083333333333333
3 0.7515625 0.36041666666666666 0.059375 0.22083333333333333
3 0.8265625 0.36041666666666666 0.059375 0.22083333333333333
3 0.9015625 0.36041666666666666 0.059375 0.22083333333333333
3 0.0296875 0.6104166666666667 0.059375 0.22083333333333333
3 0.1046875 0.6104166666666667 0.059375 0.22083333333333333
3 0.1796875 0.6104166666666667 0.059375 0.22083333333333333
3 0.2546875 0.6104166666666667 0.059375 0.22083333333333333
3 0.3296875 0.6104166666666667 0.059375 0.22083333333333333
3 0.4046875 0.6104166666666667 0.059375 0.22083333333333333
3 0.4796875 0.6104166666666667 0.059375 0.22083333333333333
3 0.5546875 0.6104166666666667 0.059375 0.22083333333333333
3 0.6296875 0.6104166666666667 0.059375 0.22083333333333333
3 0.7046875 0.6104166666666667 0.059375 0.22083333333333333
3 0.7796875 0.6104166666666667 0.059375 0.22083333333333333
3 0.8546875 0.6104166666666667 0.059375 0.22083333333333333
3 0.9296875 0.6104166666666667 0.059375 0.22083333333333333
3 0.0296875 0.8604166666666667 0.059375 0.22083333333333333
3 0.1046875 0.8604166666666667 0.059375 0.22083333333333333
3 0.1796875 0.8604166666666667 0.059375 0.22083333333333333
