1 0.01875 0.11041666666666666 0.0375 0.22083333333333333
1 0.071875 0.11041666666666666 0.0375 0.22083333333333333
1 0.125 0.11041666666666666 0.0375 0.22083333333333333
1 0.178125 0.11041666666666666 0.0375 0.22083333333333333
4 0.240625 0.11041666666666666 0.05625 0.22083333333333333
4 0.3125 0.11041666666666666 0.05625 0.22083333333333333
4 0.384375 0.11041666666666666 0.05625 0.22083333333333333
4 0.45625 0.11041666666666666 0.05625 0.22083333333333333
4 0.528125 0.11041666666666666 0.05625 0.22083333333333333
4 0.6 0.11041666666666666 0.05625 0.22083333333333333
4 0.671875 0.11041666666666666 0.05625 0.22083333333333333
4 0.74375 0.11041666666666666 0.05625 0.22083333333333333
4 0.815625 0.11041666666666666 0.05625 0.22083333333333333
4 0.8875 0.11041666666666666 0.05625 0.22083333333333333
4 0.959375 0.11041666666666666 0.05625 0.22083333333333333
4 0.028125 0.36041666666666666 0.05625 0.22083333333333333
4 0.1 0.36041666666666666 0.05625 0.22083333333333333
4 0.171875 0.36041666666666666 0.05625 0.22083333333333333
4 0.24375 0.36041666666666666 0.05625 0.22083333333333333
4 0.315625 0.36041666666666666 0.05625 0.22083333333333333
4 0.3875 0.36041666666666666 0.05625 0.22083333333333333
4 0.459375 0.36041666666666666 0.05625 0.22083333333333333
4 0.53125 0.36041666666666666 0.05625 0.22083333333333333
4 0.603125 0.36041666666666666 0.05625 0.22083333333333333
4 0.675 0.36041666666666666 0.05625 0.22083333333333333
4 0.746875 0.36041666666666666 0.05625 0.22083333333333333
4 0.81875 0.36041666666666666 0.05625 0.22083333333333333
4 0.890625 0.36041666666666666 0.05625 0.22083333333333333
4 0.9625 0.36041666666666666 0.05625 0.22083333333333333
2 0.0296875 0.6041666666666666 0.059375 0.20833333333333334
2 0.1046875 0.6041666666666666 0.059375 0.20833333333333334
2 0.1796875 0.6041666666666666 0.059375 0.20833333333333334
2 0.2546875 0.6041666666666666 0.059375 0.20833333333333334
2 0.3296875 0.6041666666666666 0.059375 0.20833333333333334
2 0.4046875 0.6041666666666666 0.059375 0.20833333333333334
2 0.4796875 0.6041666666666666 0.059375 0.20833333333333334
2 0.5546875 0.6041666666666666 0.059375 0.20833333333333334
2 0.6296875 0.6041666666666666 0.059375 0.20833333333333334
2 0.7046875 0.6041666666666666 0.059375 0.20833333333333334
2 0.7796875 0.6041666666666666 0.059375 0.20833333333333334
2 0.8546875 0.6041666666666666 0.059375 0.20833333333333334
