1 0.01875 0.10833333333333334 0.0375 0.21666666666666667
1 0.071875 0.10833333333333334 0.0375 0.21666666666666667
1 0.125 0.10833333333333334 0.0375 0.21666666666666667
1 0.178125 0.10833333333333334 0.0375 0.21666666666666667
1 0.2296875 0.11041666666666666 0.034375 0.22083333333333333
1 0.2796875 0.11041666666666666 0.034375 0.22083333333333333
1 0.3296875 0.11041666666666666 0.034375 0.22083333333333333
1 0.3796875 0.11041666666666666 0.034375 0.22083333333333333
6 0.44375 0.1125 0.0625 0.225
6 0.521875 0.1125 0.0625 0.225
6 0.6 0.1125 0.0625 0.225
6 0.678125 0.1125 0.0625 0.225
6 0.75625 0.1125 0.0625 0.225
6 0.834375 0.1125 0.0625 0.225
6 0.9125 0.1125 0.0625 0.225
6 0.03125 0.3625 0.0625 0.225
6 0.109375 0.3625 0.0625 0.225
6 0.1875 0.3625 0.0625 0.225
6 0.265625 0.3625 0.0625 0.225
6 0.34375 0.3625 0.0625 0.225
6 0.421875 0.3625 0.0625 0.225
6 0.5 0.3625 0.0625 0.225
6 0.578125 0.3625 0.0625 0.225
