1 0.0203125 0.11666666666666667 0.040625 0.23333333333333334
1 0.0765625 0.11666666666666667 0.040625 0.23333333333333334
1 0.1328125 0.11666666666666667 0.040625 0.23333333333333334
1 0.1890625 0.11666666666666667 0.040625 0.23333333333333334
2 0.2578125 0.11041666666666666 0.065625 0.22083333333333333
2 0.3390625 0.11041666666666666 0.065625 0.22083333333333333
2 0.4203125 0.11041666666666666 0.065625 0.22083333333333333
2 0.5015625 0.11041666666666666 0.065625 0.22083333333333333
2 0.5828125 0.11041666666666666 0.065625 0.22083333333333333
2 0.6640625 0.11041666666666666 0.065625 0.22083333333333333
2 0.7453125 0.11041666666666666 0.065625 0.22083333333333333
2 0.8265625 0.11041666666666666 0.065625 0.22083333333333333
2 0.9078125 0.11041666666666666 0.065625 0.22083333333333333
2 0.0328125 0.36041666666666666 0.065625 0.22083333333333333
2 0.1140625 0.36041666666666666 0.065625 0.22083333333333333
2 0.1953125 0.36041666666666666 0.065625 0.22083333333333333
1 0.2640625 0.3625 0.040625 0.225
1 0.3203125 0.3625 0.040625 0.225
1 0.3765625 0.3625 0.040625 0.225
1 0.4328125 0.3625 0.040625 0.225
9 0.5046875 0.3645833333333333 0.071875 0.22916666666666666
9 0.5921875 0.3645833333333333 0.071875 0.22916666666666666
9 0.6796875 0.3645833333333333 0.071875 0.22916666666666666
9 0.7671875 0.3645833333333333 0.071875 0.22916666666666666
9 0.8546875 0.3645833333333333 0.071875 0.22916666666666666
9 0.9421875 0.3645833333333333 0.071875 0.22916666666666666
9 0.0359375 0.6145833333333334 0.071875 0.22916666666666666
9 0.1234375 0.6145833333333334 0.071875 0.22916666666666666
9 0.2109375 0.6145833333333334 0.071875 0.22916666666666666
9 0.2984375 0.6145833333333334 0.071875 0.22916666666666666
9 0.3859375 0.6145833333333334 0.071875 0.22916666666666666
9 0.4734375 0.6145833333333334 0.071875 0.22916666666666666
9 0.5609375 0.6145833333333334 0.071875 0.22916666666666666
9 0.6484375 0.6145833333333334 0.071875 0.22916666666666666
9 0.7359375 0.6145833333333334 0.071875 0.22916666666666666
9 0.8234375 0.6145833333333334 0.071875 0.22916666666666666
9 0.9109375 0.6145833333333334 0.071875 0.22916666666666666
9 0.0359375 0.8645833333333334 0.071875 0.22916666666666666
9 0.1234375 0.8645833333333334 0.071875 0.22916666666666666
9 0.2109375 0.8645833333333334 0.071875 0.22916666666666666
