1 0.01875 0.1125 0.0375 0.225
1 0.071875 0.1125 0.0375 0.225
1 0.125 0.1125 0.0375 0.225
1 0.178125 0.1125 0.0375 0.225
3 0.24375 0.1125 0.0625 0.225
3 0.321875 0.1125 0.0625 0.225
3 0.4 0.1125 0.0625 0.225
3 0.478125 0.1125 0.0625 0.225
3 0.55625 0.1125 0.0625 0.225
3 0.634375 0.1125 0.0625 0.225
3 0.7125 0.1125 0.0625 0.225
3 0.790625 0.1125 0.0625 0.225
3 0.86875 0.1125 0.0625 0.225
3 0.946875 0.1125 0.0625 0.225
3 0.03125 0.3625 0.0625 0.225
3 0.109375 0.3625 0.0625 0.225
3 0.1875 0.3625 0.0625 0.225
3 0.265625 0.3625 0.0625 0.225
3 0.34375 0.3625 0.0625 0.225
3 0.421875 0.3625 0.0625 0.225
3 0.5 0.3625 0.0625 0.225
3 0.578125 0.3625 0.0625 0.225
3 0.65625 0.3625 0.0625 0.225
3 0.734375 0.3625 0.0625 0.225
4 0.8125 0.3625 0.0625 0.225
4 0.890625 0.3625 0.0625 0.225
4 0.03125 0.6125 0.0625 0.225
4 0.109375 0.6125 0.0625 0.225
4 0.1875 0.6125 0.0625 0.225
4 0.265625 0.6125 0.0625 0.225
4 0.34375 0.6125 0.0625 0.225
4 0.421875 0.6125 0.0625 0.225
4 0.5 0.6125 0.0625 0.225
4 0.578125 0.6125 0.0625 0.225
4 0.65625 0.6125 0.0625 0.225
4 0.734375 0.6125 0.0625 0.225
4 0.8125 0.6125 0.0625 0.225
4 0.890625 0.6125 0.0625 0.225
4 0.03125 0.8625 0.0625 0.225
4 0.109375 0.8625 0.0625 0.225
4 0.1875 0.8625 0.0625 0.225
4 0.265625 0.8625 0.0625 0.225
4 0.34375 0.8625 0.0625 0.225
4 0.421875 0.8625 0.0625 0.225
4 0.5 0.8625 0.0625 0.225
4 0.578125 0.8625 0.0625 0.225
4 0.65625 0.8625 0.0625 0.225
4 0.734375 0.8625 0.0625 0.225
4 0.8125 0.8625 0.0625 0.225
