1 0.01875 0.11041666666666666 0.0375 0.22083333333333333
1 0.071875 0.11041666666666666 0.0375 0.22083333333333333
1 0.125 0.11041666666666666 0.0375 0.22083333333333333
1 0.178125 0.11041666666666666 0.0375 0.22083333333333333
1 0.228125 0.10833333333333334 0.03125 0.21666666666666667
1 0.275 0.10833333333333334 0.03125 0.21666666666666667
1 0.321875 0.10833333333333334 0.03125 0.21666666666666667
1 0.36875 0.10833333333333334 0.03125 0.21666666666666667
5 0.43125 0.10625 0.0625 0.2125
5 0.509375 0.10625 0.0625 0.2125
5 0.5875 0.10625 0.0625 0.2125
5 0.665625 0.10625 0.0625 0.2125
5 0.74375 0.10625 0.0625 0.2125
5 0.821875 0.10625 0.0625 0.2125
5 0.9 0.10625 0.0625 0.2125
5 0.03125 0.35625 0.0625 0.2125
5 0.109375 0.35625 0.0625 0.2125
5 0.1875 0.35625 0.0625 0.2125
5 0.265625 0.35625 0.0625 0.2125
5 0.34375 0.35625 0.0625 0.2125
5 0.421875 0.35625 0.0625 0.2125
5 0.5 0.35625 0.0625 0.2125
5 0.578125 0.35625 0.0625 0.2125
5 0.65625 0.35625 0.0625 0.2125
5 0.734375 0.35625 0.0625 0.2125
5 0.8125 0.35625 0.0625 0.2125
5 0.890625 0.35625 0.0625 0.2125
5 0.03125 0.60625 0.0625 0.2125
