3 0.0296875 0.10833333333333334 0.059375 0.21666666666666667
3 0.1046875 0.10833333333333334 0.059375 0.21666666666666667
3 0.1796875 0.10833333333333334 0.059375 0.21666666666666667
3 0.2546875 0.10833333333333334 0.059375 0.21666666666666667
3 0.3296875 0.10833333333333334 0.059375 0.21666666666666667
3 0.4046875 0.10833333333333334 0.059375 0.21666666666666667
3 0.4796875 0.10833333333333334 0.059375 0.21666666666666667
3 0.5546875 0.10833333333333334 0.059375 0.21666666666666667
3 0.6296875 0.10833333333333334 0.059375 0.21666666666666667
3 0.7046875 0.10833333333333334 0.059375 0.21666666666666667
3 0.7796875 0.10833333333333334 0.059375 0.21666666666666667
3 0.8546875 0.10833333333333334 0.059375 0.21666666666666667
3 0.9296875 0.10833333333333334 0.059375 0.21666666666666667
3 0.0296875 0.35833333333333334 0.059375 0.21666666666666667
3 0.1046875 0.35833333333333334 0.059375 0.21666666666666667
3 0.1796875 0.35833333333333334 0.059375 0.21666666666666667
3 0.2546875 0.35833333333333334 0.059375 0.21666666666666667
3 0.3296875 0.35833333333333334 0.059375 0.21666666666666667
3 0.4046875 0.35833333333333334 0.059375 0.21666666666666667
3 0.4796875 0.35833333333333334 0.059375 0.21666666666666667
4 0.55625 0.3645833333333333 0.0625 0.22916666666666666
4 0.634375 0.3645833333333333 0.0625 0.22916666666666666
4 0.7125 0.3645833333333333 0.0625 0.22916666666666666
4 0.790625 0.3645833333333333 0.0625 0.22916666666666666
4 0.86875 0.3645833333333333 0.0625 0.22916666666666666
4 0.946875 0.3645833333333333 0.0625 0.22916666666666666
4 0.03125 0.6145833333333334 0.0625 0.22916666666666666
4 0.109375 0.6145833333333334 0.0625 0.22916666666666666
4 0.1875 0.6145833333333334 0.0625 0.22916666666666666
4 0.265625 0.6145833333333334 0.0625 0.22916666666666666
4 0.34375 0.6145833333333334 0.0625 0.22916666666666666
4 0.421875 0.6145833333333334 0.0625 0.22916666666666666
4 0.5 0.6145833333333334 0.0625 0.22916666666666666
4 0.578125 0.6145833333333334 0.0625 0.22916666666666666
4 0.65625 0.6145833333333334 0.0625 0.22916666666666666
4 0.734375 0.6145833333333334 0.0625 0.22916666666666666
4 0.8125 0.6145833333333334 0.0625 0.22916666666666666
4 0.890625 0.6145833333333334 0.0625 0.22916666666666666
4 0.03125 0.8645833333333334 0.0625 0.22916666666666666
4 0.109375 0.8645833333333334 0.0625 0.22916666666666666
4 0.1875 0.8645833333333334 0.0625 0.22916666666666666
4 0.265625 0.8645833333333334 0.0625 0.22916666666666666
4 0.34375 0.8645833333333334 0.0625 0.22916666666666666
4 0.421875 0.8645833333333334 0.0625 0.22916666666666666
4 0.5 0.8645833333333334 0.0625 0.22916666666666666
9 0.5765625 0.85625 0.059375 0.2125
9 0.6515625 0.85625 0.059375 0.2125
9 0.7265625 0.85625 0.059375 0.2125
9 0.8015625 0.85625 0.059375 0.2125
9 0.8765625 0.85625 0.059375 0.2125
9 0.9515625 0.85625 0.059375 0.2125
