1 0.0171875 0.11458333333333333 0.034375 0.22916666666666666
1 0.0671875 0.11458333333333333 0.034375 0.22916666666666666
1 0.1171875 0.11458333333333333 0.034375 0.22916666666666666
1 0.1671875 0.11458333333333333 0.034375 0.22916666666666666
1 0.2203125 0.11458333333333333 0.040625 0.22916666666666666
1 0.2765625 0.11458333333333333 0.040625 0.22916666666666666
1 0.3328125 0.11458333333333333 0.040625 0.22916666666666666
1 0.3890625 0.11458333333333333 0.040625 0.22916666666666666
4 0.45625 0.11458333333333333 0.0625 0.22916666666666666
4 0.534375 0.11458333333333333 0.0625 0.22916666666666666
4 0.6125 0.11458333333333333 0.0625 0.22916666666666666
4 0.690625 0.11458333333333333 0.0625 0.22916666666666666
4 0.76875 0.11458333333333333 0.0625 0.22916666666666666
4 0.846875 0.11458333333333333 0.0625 0.22916666666666666
4 0.925 0.11458333333333333 0.0625 0.22916666666666666
4 0.03125 0.3645833333333333 0.0625 0.22916666666666666
4 0.109375 0.3645833333333333 0.0625 0.22916666666666666
4 0.1875 0.3645833333333333 0.0625 0.22916666666666666
4 0.265625 0.3645833333333333 0.0625 0.22916666666666666
4 0.34375 0.3645833333333333 0.0625 0.22916666666666666
4 0.421875 0.3645833333333333 0.0625 0.22916666666666666
4 0.5 0.3645833333333333 0.0625 0.22916666666666666
4 0.578125 0.3645833333333333 0.0625 0.22916666666666666
4 0.65625 0.3645833333333333 0.0625 0.22916666666666666
4 0.734375 0.3645833333333333 0.0625 0.22916666666666666
4 0.8125 0.3645833333333333 0.0625 0.22916666666666666
4 0.890625 0.3645833333333333 0.0625 0.22916666666666666
4 0.03125 0.6145833333333334 0.0625 0.22916666666666666
4 0.109375 0.6145833333333334 0.0625 0.22916666666666666
4 0.1875 0.6145833333333334 0.0625 0.22916666666666666
4 0.265625 0.6145833333333334 0.0625 0.22916666666666666
4 0.34375 0.6145833333333334 0.0625 0.22916666666666666
4 0.421875 0.6145833333333334 0.0625 0.22916666666666666
2 0.5015625 0.6125 0.065625 0.225
2 0.5828125 0.6125 0.065625 0.225
2 0.6640625 0.6125 0.065625 0.225
2 0.7453125 0.6125 0.065625 0.225
2 0.8265625 0.6125 0.065625 0.225
2 0.9078125 0.6125 0.065625 0.225
2 0.0328125 0.8625 0.065625 0.225
2 0.1140625 0.8625 0.065625 0.225
2 0.1953125 0.8625 0.065625 0.225
2 0.2765625 0.8625 0.065625 0.225
2 0.3578125 0.8625 0.065625 0.225
2 0.4390625 0.8625 0.065625 0.225
