1 0.0171875 0.1125 0.034375 0.225
1 0.0671875 0.1125 0.034375 0.225
1 0.1171875 0.1125 0.034375 0.225
1 0.1671875 0.1125 0.034375 0.225
1 0.21875 0.11666666666666667 0.0375 0.23333333333333334
1 0.271875 0.11666666666666667 0.0375 0.23333333333333334
1 0.325 0.11666666666666667 0.0375 0.23333333333333334
1 0.378125 0.11666666666666667 0.0375 0.23333333333333334
1 0.43125 0.11875 0.0375 0.2375
1 0.484375 0.11875 0.0375 0.2375
1 0.5375 0.11875 0.0375 0.2375
1 0.590625 0.11875 0.0375 0.2375
8 0.6578125 0.11458333333333333 0.065625 0.22916666666666666
8 0.7390625 0.11458333333333333 0.065625 0.22916666666666666
8 0.8203125 0.11458333333333333 0.065625 0.22916666666666666
8 0.9015625 0.11458333333333333 0.065625 0.22916666666666666
8 0.0328125 0.3645833333333333 0.065625 0.22916666666666666
8 0.1140625 0.3645833333333333 0.065625 0.22916666666666666
8 0.1953125 0.3645833333333333 0.065625 0.22916666666666666
8 0.2765625 0.3645833333333333 0.065625 0.22916666666666666
8 0.3578125 0.3645833333333333 0.065625 0.22916666666666666
8 0.4390625 0.3645833333333333 0.065625 0.22916666666666666
8 0.5203125 0.3645833333333333 0.065625 0.22916666666666666
8 0.6015625 0.3645833333333333 0.065625 0.22916666666666666
8 0.6828125 0.3645833333333333 0.065625 0.22916666666666666
8 0.7640625 0.3645833333333333 0.065625 0.22916666666666666
8 0.8453125 0.3645833333333333 0.065625 0.22916666666666666
8 0.9265625 0.3645833333333333 0.065625 0.22916666666666666
8 0.0328125 0.6145833333333334 0.065625 0.22916666666666666
8 0.1140625 0.6145833333333334 0.065625 0.22916666666666666
8 0.1953125 0.6145833333333334 0.065625 0.22916666666666666
8 0.2765625 0.6145833333333334 0.065625 0.22916666666666666
8 0.3578125 0.6145833333333334 0.065625 0.22916666666666666
8 0.4390625 0.6145833333333334 0.065625 0.22916666666666666
8 0.5203125 0.6145833333333334 0.065625 0.22916666666666666
