1 0.015625 0.11041666666666666 0.03125 0.22083333333333333
1 0.0625 0.11041666666666666 0.03125 0.22083333333333333
1 0.109375 0.11041666666666666 0.03125 0.22083333333333333
1 0.15625 0.11041666666666666 0.03125 0.22083333333333333
5 0.215625 0.1125 0.05625 0.225
5 0.2875 0.1125 0.05625 0.225
5 0.359375 0.1125 0.05625 0.225
5 0.43125 0.1125 0.05625 0.225
5 0.503125 0.1125 0.05625 0.225
5 0.575 0.1125 0.05625 0.225
5 0.646875 0.1125 0.05625 0.225
5 0.71875 0.1125 0.05625 0.225
5 0.790625 0.1125 0.05625 0.225
5 0.8625 0.1125 0.05625 0.225
5 0.934375 0.1125 0.05625 0.225
5 0.028125 0.3625 0.05625 0.225
5 0.1 0.3625 0.05625 0.225
5 0.171875 0.3625 0.05625 0.225
5 0.24375 0.3625 0.05625 0.225
5 0.315625 0.3625 0.05625 0.225
5 0.3875 0.3625 0.05625 0.225
5 0.459375 0.3625 0.05625 0.225
5 0.53125 0.3625 0.05625 0.225
5 0.603125 0.3625 0.05625 0.225
7 0.6765625 0.3625 0.059375 0.225
7 0.7515625 0.3625 0.059375 0.225
7 0.8265625 0.3625 0.059375 0.225
7 0.9015625 0.3625 0.059375 0.225
7 0.0296875 0.6125 0.059375 0.225
7 0.1046875 0.6125 0.059375 0.225
7 0.1796875 0.6125 0.059375 0.225
7 0.2546875 0.6125 0.059375 0.225
7 0.3296875 0.6125 0.059375 0.225
7 0.4046875 0.6125 0.059375 0.225
7 0.4796875 0.6125 0.059375 0.225
7 0.5546875 0.6125 0.059375 0.225
7 0.6296875 0.6125 0.059375 0.225
7 0.7046875 0.6125 0.059375 0.225
7 0.7796875 0.6125 0.059375 0.225
7 0.8546875 0.6125 0.059375 0.225
7 0.9296875 0.6125 0.059375 0.225
7 0.0296875 0.8625 0.059375 0.225
7 0.1046875 0.8625 0.059375 0.225
7 0.1796875 0.8625 0.059375 0.225
