1 0.0171875 0.11041666666666666 0.034375 0.22083333333333333
1 0.0671875 0.11041666666666666 0.034375 0.22083333333333333
1 0.1171875 0.11041666666666666 0.034375 0.22083333333333333
1 0.1671875 0.11041666666666666 0.034375 0.22083333333333333
6 0.228125 0.11041666666666666 0.05625 0.22083333333333333
6 0.3 0.11041666666666666 0.05625 0.22083333333333333
6 0.371875 0.11041666666666666 0.05625 0.22083333333333333
6 0.44375 0.11041666666666666 0.05625 0.22083333333333333
6 0.515625 0.11041666666666666 0.05625 0.22083333333333333
6 0.5875 0.11041666666666666 0.05625 0.22083333333333333
6 0.659375 0.11041666666666666 0.05625 0.22083333333333333
6 0.73125 0.11041666666666666 0.05625 0.22083333333333333
6 0.803125 0.11041666666666666 0.05625 0.22083333333333333
6 0.875 0.11041666666666666 0.05625 0.22083333333333333
6 0.946875 0.11041666666666666 0.05625 0.22083333333333333
6 0.028125 0.36041666666666666 0.05625 0.22083333333333333
6 0.1 0.36041666666666666 0.05625 0.22083333333333333
6 0.171875 0.36041666666666666 0.05625 0.22083333333333333
6 0.24375 0.36041666666666666 0.05625 0.22083333333333333
6 0.3171875 0.36041666666666666 0.059375 0.22083333333333333
6 0.3921875 0.36041666666666666 0.059375 0.22083333333333333
6 0.4671875 0.36041666666666666 0.059375 0.22083333333333333
6 0.5421875 0.36041666666666666 0.059375 0.22083333333333333
6 0.6171875 0.36041666666666666 0.059375 0.22083333333333333
6 0.6921875 0.36041666666666666 0.059375 0.22083333333333333
6 0.7671875 0.36041666666666666 0.059375 0.22083333333333333
6 0.8421875 0.36041666666666666 0.059375 0.22083333333333333
6 0.9171875 0.36041666666666666 0.059375 0.22083333333333333
6 0.0296875 0.6104166666666667 0.059375 0.22083333333333333
6 0.1046875 0.6104166666666667 0.059375 0.22083333333333333
6 0.1796875 0.6104166666666667 0.059375 0.22083333333333333
6 0.2546875 0.6104166666666667 0.059375 0.22083333333333333
6 0.3296875 0.6104166666666667 0.059375 0.22083333333333333
6 0.4046875 0.6104166666666667 0.059375 0.22083333333333333
