1 0.0171875 0.11041666666666666 0.034375 0.22083333333333333
1 0.0671875 0.11041666666666666 0.034375 0.22083333333333333
1 0.1171875 0.11041666666666666 0.034375 0.22083333333333333
1 0.1671875 0.11041666666666666 0.034375 0.22083333333333333
7 0.2296875 0.11041666666666666 0.059375 0.22083333333333333
7 0.3046875 0.11041666666666666 0.059375 0.22083333333333333
7 0.3796875 0.11041666666666666 0.059375 0.22083333333333333
7 0.4546875 0.11041666666666666 0.059375 0.22083333333333333
7 0.5296875 0.11041666666666666 0.059375 0.22083333333333333
7 0.6046875 0.11041666666666666 0.059375 0.22083333333333333
7 0.6796875 0.11041666666666666 0.059375 0.22083333333333333
7 0.7546875 0.11041666666666666 0.059375 0.22083333333333333
7 0.8296875 0.11041666666666666 0.059375 0.22083333333333333
7 0.9046875 0.11041666666666666 0.059375 0.22083333333333333
7 0.0296875 0.36041666666666666 0.059375 0.22083333333333333
7 0.1046875 0.36041666666666666 0.059375 0.22083333333333333
7 0.1796875 0.36041666666666666 0.059375 0.22083333333333333
7 0.2546875 0.36041666666666666 0.059375 0.22083333333333333
7 0.3296875 0.36041666666666666 0.059375 0.22083333333333333
7 0.4046875 0.36041666666666666 0.059375 0.22083333333333333
7 0.4796875 0.36041666666666666 0.059375 0.22083333333333333
7 0.5546875 0.36041666666666666 0.059375 0.22083333333333333
7 0.6296875 0.36041666666666666 0.059375 0.22083333333333333
7 0.7046875 0.36041666666666666 0.059375 0.22083333333333333
