1 0.01875 0.11041666666666666 0.0375 0.22083333333333333
1 0.071875 0.11041666666666666 0.0375 0.22083333333333333
1 0.125 0.11041666666666666 0.0375 0.22083333333333333
1 0.178125 0.11041666666666666 0.0375 0.22083333333333333
8 0.2390625 0.10833333333333334 0.053125 0.21666666666666667
8 0.3078125 0.10833333333333334 0.053125 0.21666666666666667
8 0.3765625 0.10833333333333334 0.053125 0.21666666666666667
8 0.4453125 0.10833333333333334 0.053125 0.21666666666666667
8 0.5140625 0.10833333333333334 0.053125 0.21666666666666667
8 0.5828125 0.10833333333333334 0.053125 0.21666666666666667
8 0.6515625 0.10833333333333334 0.053125 0.21666666666666667
8 0.7203125 0.10833333333333334 0.053125 0.21666666666666667
8 0.7890625 0.10833333333333334 0.053125 0.21666666666666667
8 0.8578125 0.10833333333333334 0.053125 0.21666666666666667
8 0.9265625 0.10833333333333334 0.053125 0.21666666666666667
8 0.0265625 0.35833333333333334 0.053125 0.21666666666666667
8 0.0953125 0.35833333333333334 0.053125 0.21666666666666667
8 0.1640625 0.35833333333333334 0.053125 0.21666666666666667
8 0.2328125 0.35833333333333334 0.053125 0.21666666666666667
8 0.3015625 0.35833333333333334 0.053125 0.21666666666666667
8 0.3703125 0.35833333333333334 0.053125 0.21666666666666667
8 0.4390625 0.35833333333333334 0.053125 0.21666666666666667
8 0.5078125 0.35833333333333334 0.053125 0.21666666666666667
8 0.5765625 0.35833333333333334 0.053125 0.21666666666666667
8 0.6453125 0.35833333333333334 0.053125 0.21666666666666667
8 0.7140625 0.35833333333333334 0.053125 0.21666666666666667
8 0.7828125 0.35833333333333334 0.053125 0.21666666666666667
2 0.85625 0.3625 0.0625 0.225
2 0.934375 0.3625 0.0625 0.225
2 0.03125 0.6125 0.0625 0.225
2 0.109375 0.6125 0.0625 0.225
2 0.1875 0.6125 0.0625 0.225
2 0.265625 0.6125 0.0625 0.225
2 0.34375 0.6125 0.0625 0.225
2 0.421875 0.6125 0.0625 0.225
2 0.5 0.6125 0.0625 0.225
2 0.578125 0.6125 0.0625 0.225
2 0.65625 0.6125 0.0625 0.225
2 0.734375 0.6125 0.0625 0.225
