1 0.0203125 0.1125 0.040625 0.225
1 0.0765625 0.1125 0.040625 0.225
1 0.1328125 0.1125 0.040625 0.225
1 0.1890625 0.1125 0.040625 0.225
2 0.2546875 0.1125 0.059375 0.225
2 0.3296875 0.1125 0.059375 0.225
2 0.4046875 0.1125 0.059375 0.225
2 0.4796875 0.1125 0.059375 0.225
2 0.5546875 0.1125 0.059375 0.225
2 0.6296875 0.1125 0.059375 0.225
2 0.7046875 0.1125 0.059375 0.225
2 0.7796875 0.1125 0.059375 0.225
2 0.8546875 0.1125 0.059375 0.225
2 0.9296875 0.1125 0.059375 0.225
2 0.0296875 0.3625 0.059375 0.225
2 0.1046875 0.3625 0.059375 0.225
1 0.1671875 0.36041666666666666 0.034375 0.22083333333333333
1 0.2171875 0.36041666666666666 0.034375 0.22083333333333333
1 0.2671875 0.36041666666666666 0.034375 0.22083333333333333
1 0.3171875 0.36041666666666666 0.034375 0.22083333333333333
