1 0.0171875 0.1125 0.034375 0.225
1 0.0671875 0.1125 0.034375 0.225
1 0.1171875 0.1125 0.034375 0.225
1 0.1671875 0.1125 0.034375 0.225
2 0.234375 0.11041666666666666 0.06875 0.22083333333333333
2 0.31875 0.11041666666666666 0.06875 0.22083333333333333
2 0.403125 0.11041666666666666 0.06875 0.22083333333333333
2 0.4875 0.11041666666666666 0.06875 0.22083333333333333
2 0.571875 0.11041666666666666 0.06875 0.22083333333333333
2 0.65625 0.11041666666666666 0.06875 0.22083333333333333
2 0.740625 0.11041666666666666 0.06875 0.22083333333333333
2 0.825 0.11041666666666666 0.06875 0.22083333333333333
2 0.909375 0.11041666666666666 0.06875 0.22083333333333333
2 0.034375 0.36041666666666666 0.06875 0.22083333333333333
2 0.11875 0.36041666666666666 0.06875 0.22083333333333333
2 0.203125 0.36041666666666666 0.06875 0.22083333333333333
7 0.284375 0.3645833333333333 0.0625 0.22916666666666666
7 0.3625 0.3645833333333333 0.0625 0.22916666666666666
7 0.440625 0.3645833333333333 0.0625 0.22916666666666666
7 0.51875 0.3645833333333333 0.0625 0.22916666666666666
7 0.596875 0.3645833333333333 0.0625 0.22916666666666666
7 0.675 0.3645833333333333 0.0625 0.22916666666666666
7 0.753125 0.3645833333333333 0.0625 0.22916666666666666
7 0.83125 0.3645833333333333 0.0625 0.22916666666666666
7 0.909375 0.3645833333333333 0.0625 0.22916666666666666
7 0.03125 0.6145833333333334 0.0625 0.22916666666666666
7 0.109375 0.6145833333333334 0.0625 0.22916666666666666
7 0.1875 0.6145833333333334 0.0625 0.22916666666666666
7 0.265625 0.6145833333333334 0.0625 0.22916666666666666
7 0.34375 0.6145833333333334 0.0625 0.22916666666666666
7 0.421875 0.6145833333333334 0.0625 0.22916666666666666
7 0.5 0.6145833333333334 0.0625 0.22916666666666666
7 0.578125 0.6145833333333334 0.0625 0.22916666666666666
7 0.65625 0.6145833333333334 0.0625 0.22916666666666666
7 0.734375 0.6145833333333334 0.0625 0.22916666666666666
7 0.8125 0.6145833333333334 0.0625 0.22916666666666666
6 0.8921875 0.6083333333333333 0.065625 0.21666666666666667
6 0.0328125 0.8583333333333333 0.065625 0.21666666666666667
6 0.1140625 0.8583333333333333 0.065625 0.21666666666666667
6 0.1953125 0.8583333333333333 0.065625 0.21666666666666667
6 0.2765625 0.8583333333333333 0.065625 0.21666666666666667
6 0.3578125 0.8583333333333333 0.065625 0.21666666666666667
6 0.4390625 0.8583333333333333 0.065625 0.21666666666666667
6 0.5203125 0.8583333333333333 0.065625 0.21666666666666667
6 0.6015625 0.8583333333333333 0.065625 0.21666666666666667
6 0.6828125 0.8583333333333333 0.065625 0.21666666666666667
6 0.7640625 0.8583333333333333 0.065625 0.21666666666666667
6 0.8453125 0.8583333333333333 0.065625 0.21666666666666667
6 0.9265625 0.8583333333333333 0.065625 0.21666666666666667
