1 0.0171875 0.10833333333333334 0.034375 0.21666666666666667
1 0.0671875 0.10833333333333334 0.034375 0.21666666666666667
1 0.1171875 0.10833333333333334 0.034375 0.21666666666666667
1 0.1671875 0.10833333333333334 0.034375 0.21666666666666667
1 0.2171875 0.10833333333333334 0.034375 0.21666666666666667
1 0.2671875 0.10833333333333334 0.034375 0.21666666666666667
1 0.3171875 0.10833333333333334 0.034375 0.21666666666666667
1 0.3671875 0.10833333333333334 0.034375 0.21666666666666667
7 0.4296875 0.1125 0.059375 0.225
7 0.5046875 0.1125 0.059375 0.225
7 0.5796875 0.1125 0.059375 0.225
7 0.6546875 0.1125 0.059375 0.225
7 0.7296875 0.1125 0.059375 0.225
7 0.8046875 0.1125 0.059375 0.225
7 0.8796875 0.1125 0.059375 0.225
7 0.9546875 0.1125 0.059375 0.225
7 0.0296875 0.3625 0.059375 0.225
7 0.1046875 0.3625 0.059375 0.225
7 0.1796875 0.3625 0.059375 0.225
7 0.2546875 0.3625 0.059375 0.225
7 0.3296875 0.3625 0.059375 0.225
7 0.4046875 0.3625 0.059375 0.225
7 0.4796875 0.3625 0.059375 0.225
7 0.5546875 0.3625 0.059375 0.225
7 0.6296875 0.3625 0.059375 0.225
7 0.7046875 0.3625 0.059375 0.225
7 0.7796875 0.3625 0.059375 0.225
7 0.8546875 0.3625 0.059375 0.225
