1 0.0203125 0.11041666666666666 0.040625 0.22083333333333333
1 0.0765625 0.11041666666666666 0.040625 0.22083333333333333
1 0.1328125 0.11041666666666666 0.040625 0.22083333333333333
1 0.1890625 0.11041666666666666 0.040625 0.22083333333333333
1 0.2453125 0.1125 0.040625 0.225
1 0.3015625 0.1125 0.040625 0.225
1 0.3578125 0.1125 0.040625 0.225
1 0.4140625 0.1125 0.040625 0.225
5 0.4828125 0.11666666666666667 0.065625 0.23333333333333334
5 0.5640625 0.11666666666666667 0.065625 0.23333333333333334
5 0.6453125 0.11666666666666667 0.065625 0.23333333333333334
5 0.7265625 0.11666666666666667 0.065625 0.23333333333333334
5 0.8078125 0.11666666666666667 0.065625 0.23333333333333334
5 0.8890625 0.11666666666666667 0.065625 0.23333333333333334
5 0.0328125 0.36666666666666664 0.065625 0.23333333333333334
5 0.1140625 0.36666666666666664 0.065625 0.23333333333333334
5 0.1953125 0.36666666666666664 0.065625 0.23333333333333334
5 0.2765625 0.36666666666666664 0.065625 0.23333333333333334
5 0.3578125 0.36666666666666664 0.065625 0.23333333333333334
5 0.4390625 0.36666666666666664 0.065625 0.23333333333333334
5 0.5203125 0.36666666666666664 0.065625 0.23333333333333334
5 0.6015625 0.36666666666666664 0.065625 0.23333333333333334
5 0.6828125 0.36666666666666664 0.065625 0.23333333333333334
5 0.7640625 0.36666666666666664 0.065625 0.23333333333333334
5 0.8453125 0.36666666666666664 0.065625 0.23333333333333334
5 0.9265625 0.36666666666666664 0.065625 0.23333333333333334
5 0.0328125 0.6166666666666667 0.065625 0.23333333333333334
5 0.1140625 0.6166666666666667 0.065625 0.23333333333333334
