1 0.015625 0.11458333333333333 0.03125 0.22916666666666666
1 0.0625 0.11458333333333333 0.03125 0.22916666666666666
1 0.109375 0.11458333333333333 0.03125 0.22916666666666666
1 0.15625 0.11458333333333333 0.03125 0.22916666666666666
1 0.20625 0.11458333333333333 0.0375 0.22916666666666666
1 0.259375 0.11458333333333333 0.0375 0.22916666666666666
1 0.3125 0.11458333333333333 0.0375 0.22916666666666666
1 0.365625 0.11458333333333333 0.0375 0.22916666666666666
1 0.41875 0.11458333333333333 0.0375 0.22916666666666666
1 0.471875 0.11458333333333333 0.0375 0.22916666666666666
1 0.525 0.11458333333333333 0.0375 0.22916666666666666
1 0.578125 0.11458333333333333 0.0375 0.22916666666666666
7 0.646875 0.11458333333333333 0.06875 0.22916666666666666
7 0.73125 0.11458333333333333 0.06875 0.22916666666666666
7 0.815625 0.11458333333333333 0.06875 0.22916666666666666
7 0.9 0.11458333333333333 0.06875 0.22916666666666666
7 0.034375 0.3645833333333333 0.06875 0.22916666666666666
7 0.11875 0.3645833333333333 0.06875 0.22916666666666666
7 0.203125 0.3645833333333333 0.06875 0.22916666666666666
7 0.2875 0.3645833333333333 0.06875 0.22916666666666666
7 0.371875 0.3645833333333333 0.06875 0.22916666666666666
7 0.45625 0.3645833333333333 0.06875 0.22916666666666666
7 0.540625 0.3645833333333333 0.06875 0.22916666666666666
7 0.625 0.3645833333333333 0.06875 0.22916666666666666
7 0.709375 0.3645833333333333 0.06875 0.22916666666666666
7 0.79375 0.3645833333333333 0.06875 0.22916666666666666
7 0.878125 0.3645833333333333 0.06875 0.22916666666666666
7 0.9625 0.3645833333333333 0.06875 0.22916666666666666
7 0.034375 0.6145833333333334 0.06875 0.22916666666666666
7 0.11875 0.6145833333333334 0.06875 0.22916666666666666
7 0.203125 0.6145833333333334 0.06875 0.22916666666666666
7 0.2875 0.6145833333333334 0.06875 0.22916666666666666
