9 0.03125 0.10833333333333334 0.0625 0.21666666666666667
9 0.109375 0.10833333333333334 0.0625 0.21666666666666667
9 0.1875 0.10833333333333334 0.0625 0.21666666666666667
9 0.265625 0.10833333333333334 0.0625 0.21666666666666667
9 0.34375 0.10833333333333334 0.0625 0.21666666666666667
9 0.421875 0.10833333333333334 0.0625 0.21666666666666667
9 0.5 0.10833333333333334 0.0625 0.21666666666666667
9 0.578125 0.10833333333333334 0.0625 0.21666666666666667
9 0.65625 0.10833333333333334 0.0625 0.21666666666666667
9 0.734375 0.10833333333333334 0.0625 0.21666666666666667
9 0.8125 0.10833333333333334 0.0625 0.21666666666666667
9 0.890625 0.10833333333333334 0.0625 0.21666666666666667
9 0.03125 0.35833333333333334 0.0625 0.21666666666666667
9 0.109375 0.35833333333333334 0.0625 0.21666666666666667
9 0.1875 0.35833333333333334 0.0625 0.21666666666666667
9 0.265625 0.35833333333333334 0.0625 0.21666666666666667
9 0.34375 0.35833333333333334 0.0625 0.21666666666666667
9 0.421875 0.35833333333333334 0.0625 0.21666666666666667
9 0.5 0.35833333333333334 0.0625 0.21666666666666667
9 0.578125 0.35833333333333334 0.0625 0.21666666666666667
6 0.65625 0.36666666666666664 0.0625 0.23333333333333334
6 0.734375 0.36666666666666664 0.0625 0.23333333333333334
6 0.8125 0.36666666666666664 0.0625 0.23333333333333334
6 0.890625 0.36666666666666664 0.0625 0.23333333333333334
6 0.03125 0.6166666666666667 0.0625 0.23333333333333334
6 0.109375 0.6166666666666667 0.0625 0.23333333333333334
6 0.1875 0.6166666666666667 0.0625 0.23333333333333334
6 0.265625 0.6166666666666667 0.0625 0.23333333333333334
6 0.34375 0.6166666666666667 0.0625 0.23333333333333334
6 0.421875 0.6166666666666667 0.0625 0.23333333333333334
6 0.5 0.6166666666666667 0.0625 0.23333333333333334
6 0.578125 0.6166666666666667 0.0625 0.23333333333333334
6 0.65625 0.6166666666666667 0.0625 0.23333333333333334
6 0.734375 0.6166666666666667 0.0625 0.23333333333333334
6 0.8125 0.6166666666666667 0.0625 0.23333333333333334
7 0.8921875 0.6145833333333334 0.065625 0.22916666666666666
7 0.0328125 0.8645833333333334 0.065625 0.22916666666666666
7 0.1140625 0.8645833333333334 0.065625 0.22916666666666666
7 0.1953125 0.8645833333333334 0.065625 0.22916666666666666
7 0.2765625 0.8645833333333334 0.065625 0.22916666666666666
7 0.3578125 0.8645833333333334 0.065625 0.22916666666666666
7 0.4390625 0.8645833333333334 0.065625 0.22916666666666666
7 0.5203125 0.8645833333333334 0.065625 0.22916666666666666
7 0.6015625 0.8645833333333334 0.065625 0.22916666666666666
7 0.6828125 0.8645833333333334 0.065625 0.22916666666666666
7 0.7640625 0.8645833333333334 0.065625 0.22916666666666666
7 0.8453125 0.8645833333333334 0.065625 0.22916666666666666
7 0.9265625 0.8645833333333334 0.065625 0.22916666666666666
