9 0.03125 0.10833333333333334 0.0625 0.21666666666666667
9 0.109375 0.10833333333333334 0.0625 0.21666666666666667
9 0.1875 0.10833333333333334 0.0625 0.21666666666666667
9 0.265625 0.10833333333333334 0.0625 0.21666666666666667
9 0.34375 0.10833333333333334 0.0625 0.21666666666666667
9 0.421875 0.10833333333333334 0.0625 0.21666666666666667
9 0.5 0.10833333333333334 0.0625 0.21666666666666667
9 0.578125 0.10833333333333334 0.0625 0.21666666666666667
9 0.65625 0.10833333333333334 0.0625 0.21666666666666667
9 0.734375 0.10833333333333334 0.0625 0.21666666666666667
9 0.8125 0.10833333333333334 0.0625 0.21666666666666667
9 0.890625 0.10833333333333334 0.0625 0.21666666666666667
9 0.03125 0.35833333333333334 0.0625 0.21666666666666667
9 0.109375 0.35833333333333334 0.0625 0.21666666666666667
9 0.1875 0.35833333333333334 0.0625 0.21666666666666667
9 0.265625 0.35833333333333334 0.0625 0.21666666666666667
9 0.34375 0.35833333333333334 0.0625 0.21666666666666667
9 0.421875 0.35833333333333334 0.0625 0.21666666666666667
9 0.5 0.35833333333333334 0.0625 0.21666666666666667
9 0.578125 0.35833333333333334 0.0625 0.21666666666666667
9 0.6578125 0.35625 0.065625 0.2125
9 0.7390625 0.35625 0.065625 0.2125
9 0.8203125 0.35625 0.065625 0.2125
9 0.9015625 0.35625 0.065625 0.2125
9 0.0328125 0.60625 0.065625 0.2125
9 0.1140625 0.60625 0.065625 0.2125
9 0.1953125 0.60625 0.065625 0.2125
9 0.2765625 0.60625 0.065625 0.2125
9 0.3578125 0.60625 0.065625 0.2125
9 0.4390625 0.60625 0.065625 0.2125
9 0.5203125 0.60625 0.065625 0.2125
9 0.6015625 0.60625 0.065625 0.2125
9 0.6828125 0.60625 0.065625 0.2125
9 0.7640625 0.60625 0.065625 0.2125
9 0.8453125 0.60625 0.065625 0.2125
9 0.9265625 0.60625 0.065625 0.2125
9 0.0328125 0.85625 0.065625 0.2125
9 0.1140625 0.85625 0.065625 0.2125
9 0.1953125 0.85625 0.065625 0.2125
9 0.2765625 0.85625 0.065625 0.2125
1 0.346875 0.8625 0.04375 0.225
1 0.40625 0.8625 0.04375 0.225
1 0.465625 0.8625 0.04375 0.225
1 0.525 0.8625 0.04375 0.225
