1 0.01875 0.11458333333333333 0.0375 0.22916666666666666
1 0.071875 0.11458333333333333 0.0375 0.22916666666666666
1 0.125 0.11458333333333333 0.0375 0.22916666666666666
1 0.178125 0.11458333333333333 0.0375 0.22916666666666666
2 0.24375 0.10625 0.0625 0.2125
2 0.321875 0.10625 0.0625 0.2125
2 0.4 0.10625 0.0625 0.2125
2 0.478125 0.10625 0.0625 0.2125
2 0.55625 0.10625 0.0625 0.2125
2 0.634375 0.10625 0.0625 0.2125
2 0.7125 0.10625 0.0625 0.2125
2 0.790625 0.10625 0.0625 0.2125
2 0.86875 0.10625 0.0625 0.2125
2 0.946875 0.10625 0.0625 0.2125
2 0.03125 0.35625 0.0625 0.2125
2 0.109375 0.35625 0.0625 0.2125
8 0.1890625 0.3541666666666667 0.065625 0.20833333333333334
8 0.2703125 0.3541666666666667 0.065625 0.20833333333333334
8 0.3515625 0.3541666666666667 0.065625 0.20833333333333334
8 0.4328125 0.3541666666666667 0.065625 0.20833333333333334
8 0.5140625 0.3541666666666667 0.065625 0.20833333333333334
8 0.5953125 0.3541666666666667 0.065625 0.20833333333333334
8 0.6765625 0.3541666666666667 0.065625 0.20833333333333334
8 0.7578125 0.3541666666666667 0.065625 0.20833333333333334
8 0.8390625 0.3541666666666667 0.065625 0.20833333333333334
8 0.9203125 0.3541666666666667 0.065625 0.20833333333333334
8 0.0328125 0.6041666666666666 0.065625 0.20833333333333334
8 0.1140625 0.6041666666666666 0.065625 0.20833333333333334
8 0.1953125 0.6041666666666666 0.065625 0.20833333333333334
8 0.2765625 0.6041666666666666 0.065625 0.20833333333333334
8 0.3578125 0.6041666666666666 0.065625 0.20833333333333334
8 0.4390625 0.6041666666666666 0.065625 0.20833333333333334
8 0.5203125 0.6041666666666666 0.065625 0.20833333333333334
8 0.6015625 0.6041666666666666 0.065625 0.20833333333333334
8 0.6828125 0.6041666666666666 0.065625 0.20833333333333334
8 0.7640625 0.6041666666666666 0.065625 0.20833333333333334
8 0.8453125 0.6041666666666666 0.065625 0.20833333333333334
8 0.9265625 0.6041666666666666 0.065625 0.20833333333333334
8 0.0328125 0.8541666666666666 0.065625 0.20833333333333334
