1 0.015625 0.11666666666666667 0.03125 0.23333333333333334
1 0.0625 0.11666666666666667 0.03125 0.23333333333333334
1 0.109375 0.11666666666666667 0.03125 0.23333333333333334
1 0.15625 0.11666666666666667 0.03125 0.23333333333333334
1 0.2109375 0.11666666666666667 0.046875 0.23333333333333334
1 0.2734375 0.11666666666666667 0.046875 0.23333333333333334
1 0.3359375 0.11666666666666667 0.046875 0.23333333333333334
1 0.3984375 0.11666666666666667 0.046875 0.23333333333333334
7 0.4703125 0.11458333333333333 0.065625 0.22916666666666666
7 0.5515625 0.11458333333333333 0.065625 0.22916666666666666
7 0.6328125 0.11458333333333333 0.065625 0.22916666666666666
7 0.7140625 0.11458333333333333 0.065625 0.22916666666666666
7 0.7953125 0.11458333333333333 0.065625 0.22916666666666666
7 0.8765625 0.11458333333333333 0.065625 0.22916666666666666
7 0.9578125 0.11458333333333333 0.065625 0.22916666666666666
7 0.0328125 0.3645833333333333 0.065625 0.22916666666666666
7 0.1140625 0.3645833333333333 0.065625 0.22916666666666666
7 0.1953125 0.3645833333333333 0.065625 0.22916666666666666
7 0.2765625 0.3645833333333333 0.065625 0.22916666666666666
7 0.3578125 0.3645833333333333 0.065625 0.22916666666666666
7 0.4390625 0.3645833333333333 0.065625 0.22916666666666666
7 0.5203125 0.3645833333333333 0.065625 0.22916666666666666
7 0.6015625 0.3645833333333333 0.065625 0.22916666666666666
7 0.6828125 0.3645833333333333 0.065625 0.22916666666666666
7 0.7640625 0.3645833333333333 0.065625 0.22916666666666666
7 0.8453125 0.3645833333333333 0.065625 0.22916666666666666
7 0.9265625 0.3645833333333333 0.065625 0.22916666666666666
7 0.0328125 0.6145833333333334 0.065625 0.22916666666666666
3 0.1140625 0.6166666666666667 0.065625 0.23333333333333334
3 0.1953125 0.6166666666666667 0.065625 0.23333333333333334
3 0.2765625 0.6166666666666667 0.065625 0.23333333333333334
3 0.3578125 0.6166666666666667 0.065625 0.23333333333333334
3 0.4390625 0.6166666666666667 0.065625 0.23333333333333334
3 0.5203125 0.6166666666666667 0.065625 0.23333333333333334
3 0.6015625 0.6166666666666667 0.065625 0.23333333333333334
3 0.6828125 0.6166666666666667 0.065625 0.23333333333333334
3 0.7640625 0.6166666666666667 0.065625 0.23333333333333334
3 0.8453125 0.6166666666666667 0.065625 0.23333333333333334
3 0.9265625 0.6166666666666667 0.065625 0.23333333333333334
3 0.0328125 0.8666666666666667 0.065625 0.23333333333333334
3 0.1140625 0.8666666666666667 0.065625 0.23333333333333334
3 0.1953125 0.8666666666666667 0.065625 0.23333333333333334
3 0.2765625 0.8666666666666667 0.065625 0.23333333333333334
3 0.3578125 0.8666666666666667 0.065625 0.23333333333333334
3 0.4390625 0.8666666666666667 0.065625 0.23333333333333334
3 0.5203125 0.8666666666666667 0.065625 0.23333333333333334
3 0.6015625 0.8666666666666667 0.065625 0.23333333333333334
3 0.6828125 0.8666666666666667 0.065625 0.23333333333333334
