1 0.0171875 0.11041666666666666 0.034375 0.22083333333333333
1 0.0671875 0.11041666666666666 0.034375 0.22083333333333333
1 0.1171875 0.11041666666666666 0.034375 0.22083333333333333
1 0.1671875 0.11041666666666666 0.034375 0.22083333333333333
5 0.228125 0.11041666666666666 0.05625 0.22083333333333333
5 0.3 0.11041666666666666 0.05625 0.22083333333333333
5 0.371875 0.11041666666666666 0.05625 0.22083333333333333
5 0.44375 0.11041666666666666 0.05625 0.22083333333333333
5 0.515625 0.11041666666666666 0.05625 0.22083333333333333
5 0.5875 0.11041666666666666 0.05625 0.22083333333333333
5 0.659375 0.11041666666666666 0.05625 0.22083333333333333
5 0.73125 0.11041666666666666 0.05625 0.22083333333333333
5 0.803125 0.11041666666666666 0.05625 0.22083333333333333
5 0.875 0.11041666666666666 0.05625 0.22083333333333333
5 0.946875 0.11041666666666666 0.05625 0.22083333333333333
5 0.028125 0.36041666666666666 0.05625 0.22083333333333333
5 0.1 0.36041666666666666 0.05625 0.22083333333333333
5 0.171875 0.36041666666666666 0.05625 0.22083333333333333
5 0.24375 0.36041666666666666 0.05625 0.22083333333333333
5 0.315625 0.36041666666666666 0.05625 0.22083333333333333
5 0.3875 0.36041666666666666 0.05625 0.22083333333333333
5 0.459375 0.36041666666666666 0.05625 0.22083333333333333
5 0.53125 0.36041666666666666 0.05625 0.22083333333333333
5 0.603125 0.36041666666666666 0.05625 0.22083333333333333
5 0.6734375 0.3625 0.053125 0.225
5 0.7421875 0.3625 0.053125 0.225
5 0.8109375 0.3625 0.053125 0.225
5 0.8796875 0.3625 0.053125 0.225
5 0.9484375 0.3625 0.053125 0.225
5 0.0265625 0.6125 0.053125 0.225
5 0.0953125 0.6125 0.053125 0.225
5 0.1640625 0.6125 0.053125 0.225
5 0.2328125 0.6125 0.053125 0.225
5 0.3015625 0.6125 0.053125 0.225
5 0.3703125 0.6125 0.053125 0.225
5 0.4390625 0.6125 0.053125 0.225
5 0.5078125 0.6125 0.053125 0.225
5 0.5765625 0.6125 0.053125 0.225
5 0.6453125 0.6125 0.053125 0.225
5 0.7140625 0.6125 0.053125 0.225
5 0.7828125 0.6125 0.053125 0.225
5 0.8515625 0.6125 0.053125 0.225
5 0.9203125 0.6125 0.053125 0.225
5 0.0265625 0.8625 0.053125 0.225
