1 0.0171875 0.11041666666666666 0.034375 0.22083333333333333
1 0.0671875 0.11041666666666666 0.034375 0.22083333333333333
1 0.1171875 0.11041666666666666 0.034375 0.22083333333333333
1 0.1671875 0.11041666666666666 0.034375 0.22083333333333333
2 0.23125 0.10416666666666667 0.0625 0.20833333333333334
2 0.309375 0.10416666666666667 0.0625 0.20833333333333334
2 0.3875 0.10416666666666667 0.0625 0.20833333333333334
2 0.465625 0.10416666666666667 0.0625 0.20833333333333334
2 0.54375 0.10416666666666667 0.0625 0.20833333333333334
2 0.621875 0.10416666666666667 0.0625 0.20833333333333334
2 0.7 0.10416666666666667 0.0625 0.20833333333333334
2 0.778125 0.10416666666666667 0.0625 0.20833333333333334
2 0.85625 0.10416666666666667 0.0625 0.20833333333333334
2 0.934375 0.10416666666666667 0.0625 0.20833333333333334
2 0.03125 0.3541666666666667 0.0625 0.20833333333333334
2 0.109375 0.3541666666666667 0.0625 0.20833333333333334
