1 0.015625 0.11041666666666666 0.03125 0.22083333333333333
1 0.0625 0.11041666666666666 0.03125 0.22083333333333333
1 0.109375 0.11041666666666666 0.03125 0.22083333333333333
1 0.15625 0.11041666666666666 0.03125 0.22083333333333333
1 0.203125 0.1125 0.03125 0.225
1 0.25 0.1125 0.03125 0.225
1 0.296875 0.1125 0.03125 0.225
1 0.34375 0.1125 0.03125 0.225
7 0.40625 0.11041666666666666 0.0625 0.22083333333333333
7 0.484375 0.11041666666666666 0.0625 0.22083333333333333
7 0.5625 0.11041666666666666 0.0625 0.22083333333333333
7 0.640625 0.11041666666666666 0.0625 0.22083333333333333
7 0.71875 0.11041666666666666 0.0625 0.22083333333333333
7 0.796875 0.11041666666666666 0.0625 0.22083333333333333
7 0.875 0.11041666666666666 0.0625 0.22083333333333333
7 0.953125 0.11041666666666666 0.0625 0.22083333333333333
7 0.03125 0.36041666666666666 0.0625 0.22083333333333333
7 0.109375 0.36041666666666666 0.0625 0.22083333333333333
7 0.1875 0.36041666666666666 0.0625 0.22083333333333333
7 0.265625 0.36041666666666666 0.0625 0.22083333333333333
7 0.34375 0.36041666666666666 0.0625 0.22083333333333333
7 0.421875 0.36041666666666666 0.0625 0.22083333333333333
7 0.5 0.36041666666666666 0.0625 0.22083333333333333
7 0.578125 0.36041666666666666 0.0625 0.22083333333333333
7 0.65625 0.36041666666666666 0.0625 0.22083333333333333
7 0.734375 0.36041666666666666 0.0625 0.22083333333333333
7 0.8125 0.36041666666666666 0.0625 0.22083333333333333
7 0.890625 0.36041666666666666 0.0625 0.22083333333333333
