1 0.015625 0.11041666666666666 0.03125 0.22083333333333333
1 0.0625 0.11041666666666666 0.03125 0.22083333333333333
1 0.109375 0.11041666666666666 0.03125 0.22083333333333333
1 0.15625 0.11041666666666666 0.03125 0.22083333333333333
6 0.215625 0.11041666666666666 0.05625 0.22083333333333333
6 0.2875 0.11041666666666666 0.05625 0.22083333333333333
6 0.359375 0.11041666666666666 0.05625 0.22083333333333333
6 0.43125 0.11041666666666666 0.05625 0.22083333333333333
6 0.503125 0.11041666666666666 0.05625 0.22083333333333333
6 0.575 0.11041666666666666 0.05625 0.22083333333333333
6 0.646875 0.11041666666666666 0.05625 0.22083333333333333
6 0.71875 0.11041666666666666 0.05625 0.22083333333333333
6 0.790625 0.11041666666666666 0.05625 0.22083333333333333
6 0.8625 0.11041666666666666 0.05625 0.22083333333333333
6 0.934375 0.11041666666666666 0.05625 0.22083333333333333
6 0.028125 0.36041666666666666 0.05625 0.22083333333333333
6 0.1 0.36041666666666666 0.05625 0.22083333333333333
6 0.171875 0.36041666666666666 0.05625 0.22083333333333333
6 0.24375 0.36041666666666666 0.05625 0.22083333333333333
3 0.31875 0.36041666666666666 0.0625 0.22083333333333333
3 0.396875 0.36041666666666666 0.0625 0.22083333333333333
3 0.475 0.36041666666666666 0.0625 0.22083333333333333
3 0.553125 0.36041666666666666 0.0625 0.22083333333333333
3 0.63125 0.36041666666666666 0.0625 0.22083333333333333
3 0.709375 0.36041666666666666 0.0625 0.22083333333333333
3 0.7875 0.36041666666666666 0.0625 0.22083333333333333
3 0.865625 0.36041666666666666 0.0625 0.22083333333333333
3 0.94375 0.36041666666666666 0.0625 0.22083333333333333
3 0.03125 0.6104166666666667 0.0625 0.22083333333333333
3 0.109375 0.6104166666666667 0.0625 0.22083333333333333
3 0.1875 0.6104166666666667 0.0625 0.22083333333333333
3 0.265625 0.6104166666666667 0.0625 0.22083333333333333
3 0.34375 0.6104166666666667 0.0625 0.22083333333333333
3 0.421875 0.6104166666666667 0.0625 0.22083333333333333
3 0.5 0.6104166666666667 0.0625 0.22083333333333333
3 0.578125 0.6104166666666667 0.0625 0.22083333333333333
3 0.65625 0.6104166666666667 0.0625 0.22083333333333333
3 0.734375 0.6104166666666667 0.0625 0.22083333333333333
3 0.8125 0.6104166666666667 0.0625 0.22083333333333333
