1 0.01875 0.10833333333333334 0.0375 0.21666666666666667
1 0.071875 0.10833333333333334 0.0375 0.21666666666666667
1 0.125 0.10833333333333334 0.0375 0.21666666666666667
1 0.178125 0.10833333333333334 0.0375 0.21666666666666667
6 0.24375 0.10833333333333334 0.0625 0.21666666666666667
6 0.321875 0.10833333333333334 0.0625 0.21666666666666667
6 0.4 0.10833333333333334 0.0625 0.21666666666666667
6 0.478125 0.10833333333333334 0.0625 0.21666666666666667
6 0.55625 0.10833333333333334 0.0625 0.21666666666666667
6 0.634375 0.10833333333333334 0.0625 0.21666666666666667
6 0.7125 0.10833333333333334 0.0625 0.21666666666666667
6 0.790625 0.10833333333333334 0.0625 0.21666666666666667
6 0.86875 0.10833333333333334 0.0625 0.21666666666666667
6 0.946875 0.10833333333333334 0.0625 0.21666666666666667
6 0.03125 0.35833333333333334 0.0625 0.21666666666666667
6 0.109375 0.35833333333333334 0.0625 0.21666666666666667
6 0.1875 0.35833333333333334 0.0625 0.21666666666666667
6 0.265625 0.35833333333333334 0.0625 0.21666666666666667
6 0.34375 0.35833333333333334 0.0625 0.21666666666666667
3 0.41875 0.36666666666666664 0.05625 0.23333333333333334
3 0.490625 0.36666666666666664 0.05625 0.23333333333333334
3 0.5625 0.36666666666666664 0.05625 0.23333333333333334
3 0.634375 0.36666666666666664 0.05625 0.23333333333333334
3 0.70625 0.36666666666666664 0.05625 0.23333333333333334
3 0.778125 0.36666666666666664 0.05625 0.23333333333333334
3 0.85 0.36666666666666664 0.05625 0.23333333333333334
3 0.921875 0.36666666666666664 0.05625 0.23333333333333334
3 0.028125 0.6166666666666667 0.05625 0.23333333333333334
3 0.1 0.6166666666666667 0.05625 0.23333333333333334
3 0.171875 0.6166666666666667 0.05625 0.23333333333333334
3 0.24375 0.6166666666666667 0.05625 0.23333333333333334
3 0.315625 0.6166666666666667 0.05625 0.23333333333333334
3 0.3875 0.6166666666666667 0.05625 0.23333333333333334
3 0.459375 0.6166666666666667 0.05625 0.23333333333333334
3 0.53125 0.6166666666666667 0.05625 0.23333333333333334
3 0.603125 0.6166666666666667 0.05625 0.23333333333333334
3 0.675 0.6166666666666667 0.05625 0.23333333333333334
3 0.746875 0.6166666666666667 0.05625 0.23333333333333334
3 0.81875 0.6166666666666667 0.05625 0.23333333333333334
