1 0.0171875 0.1125 0.034375 0.225
1 0.0671875 0.1125 0.034375 0.225
1 0.1171875 0.1125 0.034375 0.225
1 0.1671875 0.1125 0.034375 0.225
2 0.2328125 0.11041666666666666 0.065625 0.22083333333333333
2 0.3140625 0.11041666666666666 0.065625 0.22083333333333333
2 0.3953125 0.11041666666666666 0.065625 0.22083333333333333
2 0.4765625 0.11041666666666666 0.065625 0.22083333333333333
2 0.5578125 0.11041666666666666 0.065625 0.22083333333333333
2 0.6390625 0.11041666666666666 0.065625 0.22083333333333333
2 0.7203125 0.11041666666666666 0.065625 0.22083333333333333
2 0.8015625 0.11041666666666666 0.065625 0.22083333333333333
2 0.8828125 0.11041666666666666 0.065625 0.22083333333333333
2 0.9640625 0.11041666666666666 0.065625 0.22083333333333333
2 0.0328125 0.36041666666666666 0.065625 0.22083333333333333
2 0.1140625 0.36041666666666666 0.065625 0.22083333333333333
