1 0.0203125 0.11458333333333333 0.040625 0.22916666666666666
1 0.0765625 0.11458333333333333 0.040625 0.22916666666666666
1 0.1328125 0.11458333333333333 0.040625 0.22916666666666666
1 0.1890625 0.11458333333333333 0.040625 0.22916666666666666
4 0.25625 0.12083333333333333 0.0625 0.24166666666666667
4 0.334375 0.12083333333333333 0.0625 0.24166666666666667
4 0.4125 0.12083333333333333 0.0625 0.24166666666666667
4 0.490625 0.12083333333333333 0.0625 0.24166666666666667
4 0.56875 0.12083333333333333 0.0625 0.24166666666666667
4 0.646875 0.12083333333333333 0.0625 0.24166666666666667
4 0.725 0.12083333333333333 0.0625 0.24166666666666667
4 0.803125 0.12083333333333333 0.0625 0.24166666666666667
4 0.88125 0.12083333333333333 0.0625 0.24166666666666667
4 0.959375 0.12083333333333333 0.0625 0.24166666666666667
4 0.03125 0.37083333333333335 0.0625 0.24166666666666667
4 0.109375 0.37083333333333335 0.0625 0.24166666666666667
4 0.1875 0.37083333333333335 0.0625 0.24166666666666667
4 0.265625 0.37083333333333335 0.0625 0.24166666666666667
4 0.34375 0.37083333333333335 0.0625 0.24166666666666667
4 0.421875 0.37083333333333335 0.0625 0.24166666666666667
4 0.5 0.37083333333333335 0.0625 0.24166666666666667
4 0.578125 0.37083333333333335 0.0625 0.24166666666666667
4 0.65625 0.37083333333333335 0.0625 0.24166666666666667
4 0.734375 0.37083333333333335 0.0625 0.24166666666666667
4 0.8125 0.37083333333333335 0.0625 0.24166666666666667
4 0.890625 0.37083333333333335 0.0625 0.24166666666666667
4 0.03125 0.6208333333333333 0.0625 0.24166666666666667
4 0.109375 0.6208333333333333 0.0625 0.24166666666666667
4 0.1875 0.6208333333333333 0.0625 0.24166666666666667
