3 0.0296875 0.10625 0.059375 0.2125
3 0.1046875 0.10625 0.059375 0.2125
3 0.1796875 0.10625 0.059375 0.2125
3 0.2546875 0.10625 0.059375 0.2125
3 0.3296875 0.10625 0.059375 0.2125
3 0.4046875 0.10625 0.059375 0.2125
3 0.4796875 0.10625 0.059375 0.2125
3 0.5546875 0.10625 0.059375 0.2125
3 0.6296875 0.10625 0.059375 0.2125
3 0.7046875 0.10625 0.059375 0.2125
3 0.7796875 0.10625 0.059375 0.2125
3 0.8546875 0.10625 0.059375 0.2125
3 0.9296875 0.10625 0.059375 0.2125
3 0.0296875 0.35625 0.059375 0.2125
3 0.1046875 0.35625 0.059375 0.2125
3 0.1796875 0.35625 0.059375 0.2125
3 0.2546875 0.35625 0.059375 0.2125
3 0.3296875 0.35625 0.059375 0.2125
3 0.4046875 0.35625 0.059375 0.2125
3 0.4796875 0.35625 0.059375 0.2125
2 0.55625 0.36041666666666666 0.0625 0.22083333333333333
2 0.634375 0.36041666666666666 0.0625 0.22083333333333333
2 0.7125 0.36041666666666666 0.0625 0.22083333333333333
2 0.790625 0.36041666666666666 0.0625 0.22083333333333333
2 0.86875 0.36041666666666666 0.0625 0.22083333333333333
2 0.946875 0.36041666666666666 0.0625 0.22083333333333333
2 0.03125 0.6104166666666667 0.0625 0.22083333333333333
2 0.109375 0.6104166666666667 0.0625 0.22083333333333333
2 0.1875 0.6104166666666667 0.0625 0.22083333333333333
2 0.265625 0.6104166666666667 0.0625 0.22083333333333333
2 0.34375 0.6104166666666667 0.0625 0.22083333333333333
2 0.421875 0.6104166666666667 0.0625 0.22083333333333333
7 0.496875 0.6125 0.05625 0.225
7 0.56875 0.6125 0.05625 0.225
7 0.640625 0.6125 0.05625 0.225
7 0.7125 0.6125 0.05625 0.225
7 0.784375 0.6125 0.05625 0.225
7 0.85625 0.6125 0.05625 0.225
7 0.928125 0.6125 0.05625 0.225
7 0.028125 0.8625 0.05625 0.225
7 0.1 0.8625 0.05625 0.225
7 0.171875 0.8625 0.05625 0.225
7 0.24375 0.8625 0.05625 0.225
7 0.315625 0.8625 0.05625 0.225
7 0.3875 0.8625 0.05625 0.225
7 0.459375 0.8625 0.05625 0.225
7 0.53125 0.8625 0.05625 0.225
7 0.603125 0.8625 0.05625 0.225
7 0.675 0.8625 0.05625 0.225
7 0.746875 0.8625 0.05625 0.225
7 0.81875 0.8625 0.05625 0.225
7 0.890625 0.8625 0.05625 0.225
