1 0.0171875 0.11875 0.034375 0.2375
1 0.0671875 0.11875 0.034375 0.2375
1 0.1171875 0.11875 0.034375 0.2375
1 0.1671875 0.11875 0.034375 0.2375
2 0.2328125 0.11458333333333333 0.065625 0.22916666666666666
2 0.3140625 0.11458333333333333 0.065625 0.22916666666666666
2 0.3953125 0.11458333333333333 0.065625 0.22916666666666666
2 0.4765625 0.11458333333333333 0.065625 0.22916666666666666
2 0.5578125 0.11458333333333333 0.065625 0.22916666666666666
2 0.6390625 0.11458333333333333 0.065625 0.22916666666666666
2 0.7203125 0.11458333333333333 0.065625 0.22916666666666666
2 0.8015625 0.11458333333333333 0.065625 0.22916666666666666
2 0.8828125 0.11458333333333333 0.065625 0.22916666666666666
2 0.9640625 0.11458333333333333 0.065625 0.22916666666666666
2 0.0328125 0.3645833333333333 0.065625 0.22916666666666666
2 0.1140625 0.3645833333333333 0.065625 0.22916666666666666
2 0.2 0.36041666666666666 0.075 0.22083333333333333
2 0.290625 0.36041666666666666 0.075 0.22083333333333333
2 0.38125 0.36041666666666666 0.075 0.22083333333333333
2 0.471875 0.36041666666666666 0.075 0.22083333333333333
2 0.5625 0.36041666666666666 0.075 0.22083333333333333
2 0.653125 0.36041666666666666 0.075 0.22083333333333333
2 0.74375 0.36041666666666666 0.075 0.22083333333333333
2 0.834375 0.36041666666666666 0.075 0.22083333333333333
2 0.925 0.36041666666666666 0.075 0.22083333333333333
2 0.0375 0.6104166666666667 0.075 0.22083333333333333
2 0.128125 0.6104166666666667 0.075 0.22083333333333333
2 0.21875 0.6104166666666667 0.075 0.22083333333333333
8 0.30625 0.6104166666666667 0.06875 0.22083333333333333
8 0.390625 0.6104166666666667 0.06875 0.22083333333333333
8 0.475 0.6104166666666667 0.06875 0.22083333333333333
8 0.559375 0.6104166666666667 0.06875 0.22083333333333333
8 0.64375 0.6104166666666667 0.06875 0.22083333333333333
8 0.728125 0.6104166666666667 0.06875 0.22083333333333333
8 0.8125 0.6104166666666667 0.06875 0.22083333333333333
8 0.896875 0.6104166666666667 0.06875 0.22083333333333333
8 0.034375 0.8604166666666667 0.06875 0.22083333333333333
8 0.11875 0.8604166666666667 0.06875 0.22083333333333333
8 0.203125 0.8604166666666667 0.06875 0.22083333333333333
8 0.2875 0.8604166666666667 0.06875 0.22083333333333333
8 0.371875 0.8604166666666667 0.06875 0.22083333333333333
8 0.45625 0.8604166666666667 0.06875 0.22083333333333333
8 0.540625 0.8604166666666667 0.06875 0.22083333333333333
8 0.625 0.8604166666666667 0.06875 0.22083333333333333
8 0.709375 0.8604166666666667 0.06875 0.22083333333333333
8 0.79375 0.8604166666666667 0.06875 0.22083333333333333
8 0.878125 0.8604166666666667 0.06875 0.22083333333333333
8 0.9625 0.8604166666666667 0.06875 0.22083333333333333
