1 0.01875 0.1125 0.0375 0.225
1 0.071875 0.1125 0.0375 0.225
1 0.125 0.1125 0.0375 0.225
1 0.178125 0.1125 0.0375 0.225
7 0.2453125 0.1125 0.065625 0.225
7 0.3265625 0.1125 0.065625 0.225
7 0.4078125 0.1125 0.065625 0.225
7 0.4890625 0.1125 0.065625 0.225
7 0.5703125 0.1125 0.065625 0.225
7 0.6515625 0.1125 0.065625 0.225
7 0.7328125 0.1125 0.065625 0.225
7 0.8140625 0.1125 0.065625 0.225
7 0.8953125 0.1125 0.065625 0.225
7 0.0328125 0.3625 0.065625 0.225
7 0.1140625 0.3625 0.065625 0.225
7 0.1953125 0.3625 0.065625 0.225
7 0.2765625 0.3625 0.065625 0.225
7 0.3578125 0.3625 0.065625 0.225
7 0.4390625 0.3625 0.065625 0.225
7 0.5203125 0.3625 0.065625 0.225
7 0.6015625 0.3625 0.065625 0.225
7 0.6828125 0.3625 0.065625 0.225
7 0.7640625 0.3625 0.065625 0.225
7 0.8453125 0.3625 0.065625 0.225
