6 0.0296875 0.11041666666666666 0.059375 0.22083333333333333
6 0.1046875 0.11041666666666666 0.059375 0.22083333333333333
6 0.1796875 0.11041666666666666 0.059375 0.22083333333333333
6 0.2546875 0.11041666666666666 0.059375 0.22083333333333333
6 0.3296875 0.11041666666666666 0.059375 0.22083333333333333
6 0.4046875 0.11041666666666666 0.059375 0.22083333333333333
6 0.4796875 0.11041666666666666 0.059375 0.22083333333333333
6 0.5546875 0.11041666666666666 0.059375 0.22083333333333333
6 0.6296875 0.11041666666666666 0.059375 0.22083333333333333
6 0.7046875 0.11041666666666666 0.059375 0.22083333333333333
6 0.7796875 0.11041666666666666 0.059375 0.22083333333333333
6 0.8546875 0.11041666666666666 0.059375 0.22083333333333333
6 0.9296875 0.11041666666666666 0.059375 0.22083333333333333
6 0.0296875 0.36041666666666666 0.059375 0.22083333333333333
6 0.1046875 0.36041666666666666 0.059375 0.22083333333333333
4 0.178125 0.35833333333333334 0.05625 0.21666666666666667
4 0.25 0.35833333333333334 0.05625 0.21666666666666667
4 0.321875 0.35833333333333334 0.05625 0.21666666666666667
4 0.39375 0.35833333333333334 0.05625 0.21666666666666667
4 0.465625 0.35833333333333334 0.05625 0.21666666666666667
4 0.5375 0.35833333333333334 0.05625 0.21666666666666667
4 0.609375 0.35833333333333334 0.05625 0.21666666666666667
4 0.68125 0.35833333333333334 0.05625 0.21666666666666667
4 0.753125 0.35833333333333334 0.05625 0.21666666666666667
4 0.825 0.35833333333333334 0.05625 0.21666666666666667
4 0.896875 0.35833333333333334 0.05625 0.21666666666666667
4 0.96875 0.35833333333333334 0.05625 0.21666666666666667
4 0.028125 0.6083333333333333 0.05625 0.21666666666666667
4 0.1 0.6083333333333333 0.05625 0.21666666666666667
4 0.171875 0.6083333333333333 0.05625 0.21666666666666667
4 0.24375 0.6083333333333333 0.05625 0.21666666666666667
4 0.315625 0.6083333333333333 0.05625 0.21666666666666667
4 0.3875 0.6083333333333333 0.05625 0.21666666666666667
4 0.459375 0.6083333333333333 0.05625 0.21666666666666667
4 0.53125 0.6083333333333333 0.05625 0.21666666666666667
4 0.603125 0.6083333333333333 0.05625 0.21666666666666667
4 0.675 0.6083333333333333 0.05625 0.21666666666666667
4 0.746875 0.6083333333333333 0.05625 0.21666666666666667
4 0.81875 0.6083333333333333 0.05625 0.21666666666666667
4 0.890625 0.6083333333333333 0.05625 0.21666666666666667
3 0.9625 0.6104166666666667 0.05625 0.22083333333333333
3 0.028125 0.8604166666666667 0.05625 0.22083333333333333
3 0.1 0.8604166666666667 0.05625 0.22083333333333333
3 0.171875 0.8604166666666667 0.05625 0.22083333333333333
3 0.24375 0.8604166666666667 0.05625 0.22083333333333333
3 0.315625 0.8604166666666667 0.05625 0.22083333333333333
3 0.3875 0.8604166666666667 0.05625 0.22083333333333333
3 0.459375 0.8604166666666667 0.05625 0.22083333333333333
3 0.53125 0.8604166666666667 0.05625 0.22083333333333333
3 0.603125 0.8604166666666667 0.05625 0.22083333333333333
3 0.675 0.8604166666666667 0.05625 0.22083333333333333
3 0.746875 0.8604166666666667 0.05625 0.22083333333333333
3 0.81875 0.8604166666666667 0.05625 0.22083333333333333
3 0.890625 0.8604166666666667 0.05625 0.22083333333333333
3 0.9625 0.8604166666666667 0.05625 0.22083333333333333
