1 0.01875 0.11041666666666666 0.0375 0.22083333333333333
1 0.071875 0.11041666666666666 0.0375 0.22083333333333333
1 0.125 0.11041666666666666 0.0375 0.22083333333333333
1 0.178125 0.11041666666666666 0.0375 0.22083333333333333
3 0.2390625 0.1125 0.053125 0.225
3 0.3078125 0.1125 0.053125 0.225
3 0.3765625 0.1125 0.053125 0.225
3 0.4453125 0.1125 0.053125 0.225
3 0.5140625 0.1125 0.053125 0.225
3 0.5828125 0.1125 0.053125 0.225
3 0.6515625 0.1125 0.053125 0.225
3 0.7203125 0.1125 0.053125 0.225
3 0.7890625 0.1125 0.053125 0.225
3 0.8578125 0.1125 0.053125 0.225
3 0.9265625 0.1125 0.053125 0.225
3 0.0265625 0.3625 0.053125 0.225
3 0.0953125 0.3625 0.053125 0.225
3 0.1640625 0.3625 0.053125 0.225
3 0.2328125 0.3625 0.053125 0.225
3 0.3015625 0.3625 0.053125 0.225
3 0.3703125 0.3625 0.053125 0.225
3 0.4390625 0.3625 0.053125 0.225
3 0.5078125 0.3625 0.053125 0.225
3 0.5765625 0.3625 0.053125 0.225
9 0.65 0.35625 0.0625 0.2125
9 0.728125 0.35625 0.0625 0.2125
9 0.80625 0.35625 0.0625 0.2125
9 0.884375 0.35625 0.0625 0.2125
9 0.9625 0.35625 0.0625 0.2125
9 0.03125 0.60625 0.0625 0.2125
9 0.109375 0.60625 0.0625 0.2125
9 0.1875 0.60625 0.0625 0.2125
9 0.265625 0.60625 0.0625 0.2125
9 0.34375 0.60625 0.0625 0.2125
9 0.421875 0.60625 0.0625 0.2125
9 0.5 0.60625 0.0625 0.2125
9 0.578125 0.60625 0.0625 0.2125
9 0.65625 0.60625 0.0625 0.2125
9 0.734375 0.60625 0.0625 0.2125
9 0.8125 0.60625 0.0625 0.2125
9 0.890625 0.60625 0.0625 0.2125
9 0.03125 0.85625 0.0625 0.2125
9 0.109375 0.85625 0.0625 0.2125
9 0.1875 0.85625 0.0625 0.2125
