5 0.0296875 0.11458333333333333 0.059375 0.22916666666666666
5 0.1046875 0.11458333333333333 0.059375 0.22916666666666666
5 0.1796875 0.11458333333333333 0.059375 0.22916666666666666
5 0.2546875 0.11458333333333333 0.059375 0.22916666666666666
5 0.3296875 0.11458333333333333 0.059375 0.22916666666666666
5 0.4046875 0.11458333333333333 0.059375 0.22916666666666666
5 0.4796875 0.11458333333333333 0.059375 0.22916666666666666
5 0.5546875 0.11458333333333333 0.059375 0.22916666666666666
5 0.6296875 0.11458333333333333 0.059375 0.22916666666666666
5 0.7046875 0.11458333333333333 0.059375 0.22916666666666666
5 0.7796875 0.11458333333333333 0.059375 0.22916666666666666
5 0.8546875 0.11458333333333333 0.059375 0.22916666666666666
5 0.9296875 0.11458333333333333 0.059375 0.22916666666666666
5 0.0296875 0.3645833333333333 0.059375 0.22916666666666666
5 0.1046875 0.3645833333333333 0.059375 0.22916666666666666
5 0.1796875 0.3645833333333333 0.059375 0.22916666666666666
5 0.2546875 0.3645833333333333 0.059375 0.22916666666666666
5 0.3296875 0.3645833333333333 0.059375 0.22916666666666666
5 0.4046875 0.3645833333333333 0.059375 0.22916666666666666
5 0.4796875 0.3645833333333333 0.059375 0.22916666666666666
3 0.5546875 0.35625 0.059375 0.2125
3 0.6296875 0.35625 0.059375 0.2125
3 0.7046875 0.35625 0.059375 0.2125
3 0.7796875 0.35625 0.059375 0.2125
3 0.8546875 0.35625 0.059375 0.2125
3 0.9296875 0.35625 0.059375 0.2125
3 0.0296875 0.60625 0.059375 0.2125
3 0.1046875 0.60625 0.059375 0.2125
3 0.1796875 0.60625 0.059375 0.2125
3 0.2546875 0.60625 0.059375 0.2125
3 0.3296875 0.60625 0.059375 0.2125
3 0.4046875 0.60625 0.059375 0.2125
3 0.4796875 0.60625 0.059375 0.2125
3 0.5546875 0.60625 0.059375 0.2125
3 0.6296875 0.60625 0.059375 0.2125
3 0.7046875 0.60625 0.059375 0.2125
3 0.7796875 0.60625 0.059375 0.2125
3 0.8546875 0.60625 0.059375 0.2125
3 0.9296875 0.60625 0.059375 0.2125
3 0.0296875 0.85625 0.059375 0.2125
3 0.103125 0.8625 0.05625 0.225
3 0.175 0.8625 0.05625 0.225
3 0.246875 0.8625 0.05625 0.225
3 0.31875 0.8625 0.05625 0.225
3 0.390625 0.8625 0.05625 0.225
3 0.4625 0.8625 0.05625 0.225
3 0.534375 0.8625 0.05625 0.225
3 0.60625 0.8625 0.05625 0.225
3 0.678125 0.8625 0.05625 0.225
3 0.75 0.8625 0.05625 0.225
3 0.821875 0.8625 0.05625 0.225
3 0.89375 0.8625 0.05625 0.225
3 0.965625 0.8625 0.05625 0.225
