3 0.028125 0.11041666666666666 0.05625 0.22083333333333333
3 0.1 0.11041666666666666 0.05625 0.22083333333333333
3 0.171875 0.11041666666666666 0.05625 0.22083333333333333
3 0.24375 0.11041666666666666 0.05625 0.22083333333333333
3 0.315625 0.11041666666666666 0.05625 0.22083333333333333
3 0.3875 0.11041666666666666 0.05625 0.22083333333333333
3 0.459375 0.11041666666666666 0.05625 0.22083333333333333
3 0.53125 0.11041666666666666 0.05625 0.22083333333333333
3 0.603125 0.11041666666666666 0.05625 0.22083333333333333
3 0.675 0.11041666666666666 0.05625 0.22083333333333333
3 0.746875 0.11041666666666666 0.05625 0.22083333333333333
3 0.81875 0.11041666666666666 0.05625 0.22083333333333333
3 0.890625 0.11041666666666666 0.05625 0.22083333333333333
3 0.9625 0.11041666666666666 0.05625 0.22083333333333333
3 0.028125 0.36041666666666666 0.05625 0.22083333333333333
3 0.1 0.36041666666666666 0.05625 0.22083333333333333
3 0.171875 0.36041666666666666 0.05625 0.22083333333333333
3 0.24375 0.36041666666666666 0.05625 0.22083333333333333
3 0.315625 0.36041666666666666 0.05625 0.22083333333333333
3 0.3875 0.36041666666666666 0.05625 0.22083333333333333
1 0.446875 0.35833333333333334 0.03125 0.21666666666666667
1 0.49375 0.35833333333333334 0.03125 0.21666666666666667
1 0.540625 0.35833333333333334 0.03125 0.21666666666666667
1 0.5875 0.35833333333333334 0.03125 0.21666666666666667
3 0.6453125 0.3625 0.053125 0.225
3 0.7140625 0.3625 0.053125 0.225
3 0.7828125 0.3625 0.053125 0.225
3 0.8515625 0.3625 0.053125 0.225
3 0.9203125 0.3625 0.053125 0.225
3 0.0265625 0.6125 0.053125 0.225
3 0.0953125 0.6125 0.053125 0.225
3 0.1640625 0.6125 0.053125 0.225
3 0.2328125 0.6125 0.053125 0.225
3 0.3015625 0.6125 0.053125 0.225
3 0.3703125 0.6125 0.053125 0.225
3 0.4390625 0.6125 0.053125 0.225
3 0.5078125 0.6125 0.053125 0.225
3 0.5765625 0.6125 0.053125 0.225
3 0.6453125 0.6125 0.053125 0.225
3 0.7140625 0.6125 0.053125 0.225
3 0.7828125 0.6125 0.053125 0.225
3 0.8515625 0.6125 0.053125 0.225
3 0.9203125 0.6125 0.053125 0.225
3 0.0265625 0.8625 0.053125 0.225
