1 0.01875 0.1125 0.0375 0.225
1 0.071875 0.1125 0.0375 0.225
1 0.125 0.1125 0.0375 0.225
1 0.178125 0.1125 0.0375 0.225
2 0.24375 0.10833333333333334 0.0625 0.21666666666666667
2 0.321875 0.10833333333333334 0.0625 0.21666666666666667
2 0.4 0.10833333333333334 0.0625 0.21666666666666667
2 0.478125 0.10833333333333334 0.0625 0.21666666666666667
2 0.55625 0.10833333333333334 0.0625 0.21666666666666667
2 0.634375 0.10833333333333334 0.0625 0.21666666666666667
2 0.7125 0.10833333333333334 0.0625 0.21666666666666667
2 0.790625 0.10833333333333334 0.0625 0.21666666666666667
2 0.86875 0.10833333333333334 0.0625 0.21666666666666667
2 0.946875 0.10833333333333334 0.0625 0.21666666666666667
2 0.03125 0.35833333333333334 0.0625 0.21666666666666667
2 0.109375 0.35833333333333334 0.0625 0.21666666666666667
5 0.1859375 0.3625 0.059375 0.225
5 0.2609375 0.3625 0.059375 0.225
5 0.3359375 0.3625 0.059375 0.225
5 0.4109375 0.3625 0.059375 0.225
5 0.4859375 0.3625 0.059375 0.225
5 0.5609375 0.3625 0.059375 0.225
5 0.6359375 0.3625 0.059375 0.225
5 0.7109375 0.3625 0.059375 0.225
5 0.7859375 0.3625 0.059375 0.225
5 0.8609375 0.3625 0.059375 0.225
5 0.9359375 0.3625 0.059375 0.225
5 0.0296875 0.6125 0.059375 0.225
5 0.1046875 0.6125 0.059375 0.225
5 0.1796875 0.6125 0.059375 0.225
5 0.2546875 0.6125 0.059375 0.225
5 0.3296875 0.6125 0.059375 0.225
5 0.4046875 0.6125 0.059375 0.225
5 0.4796875 0.6125 0.059375 0.225
5 0.5546875 0.6125 0.059375 0.225
5 0.6296875 0.6125 0.059375 0.225
