4 0.0296875 0.10833333333333334 0.059375 0.21666666666666667
4 0.1046875 0.10833333333333334 0.059375 0.21666666666666667
4 0.1796875 0.10833333333333334 0.059375 0.21666666666666667
4 0.2546875 0.10833333333333334 0.059375 0.21666666666666667
4 0.3296875 0.10833333333333334 0.059375 0.21666666666666667
4 0.4046875 0.10833333333333334 0.059375 0.21666666666666667
4 0.4796875 0.10833333333333334 0.059375 0.21666666666666667
4 0.5546875 0.10833333333333334 0.059375 0.21666666666666667
4 0.6296875 0.10833333333333334 0.059375 0.21666666666666667
4 0.7046875 0.10833333333333334 0.059375 0.21666666666666667
4 0.7796875 0.10833333333333334 0.059375 0.21666666666666667
4 0.8546875 0.10833333333333334 0.059375 0.21666666666666667
4 0.9296875 0.10833333333333334 0.059375 0.21666666666666667
4 0.0296875 0.35833333333333334 0.059375 0.21666666666666667
4 0.1046875 0.35833333333333334 0.059375 0.21666666666666667
4 0.1796875 0.35833333333333334 0.059375 0.21666666666666667
4 0.2546875 0.35833333333333334 0.059375 0.21666666666666667
4 0.3296875 0.35833333333333334 0.059375 0.21666666666666667
4 0.4046875 0.35833333333333334 0.059375 0.21666666666666667
4 0.4796875 0.35833333333333334 0.059375 0.21666666666666667
4 0.5546875 0.35833333333333334 0.059375 0.21666666666666667
4 0.6296875 0.35833333333333334 0.059375 0.21666666666666667
4 0.7046875 0.35833333333333334 0.059375 0.21666666666666667
4 0.7796875 0.35833333333333334 0.059375 0.21666666666666667
4 0.8546875 0.35833333333333334 0.059375 0.21666666666666667
9 0.93125 0.35625 0.0625 0.2125
9 0.03125 0.60625 0.0625 0.2125
9 0.109375 0.60625 0.0625 0.2125
9 0.1875 0.60625 0.0625 0.2125
9 0.265625 0.60625 0.0625 0.2125
9 0.34375 0.60625 0.0625 0.2125
9 0.421875 0.60625 0.0625 0.2125
9 0.5 0.60625 0.0625 0.2125
9 0.578125 0.60625 0.0625 0.2125
9 0.65625 0.60625 0.0625 0.2125
9 0.734375 0.60625 0.0625 0.2125
9 0.8125 0.60625 0.0625 0.2125
9 0.890625 0.60625 0.0625 0.2125
9 0.03125 0.85625 0.0625 0.2125
9 0.109375 0.85625 0.0625 0.2125
9 0.1875 0.85625 0.0625 0.2125
9 0.265625 0.85625 0.0625 0.2125
9 0.34375 0.85625 0.0625 0.2125
9 0.421875 0.85625 0.0625 0.2125
9 0.5 0.85625 0.0625 0.2125
9 0.5765625 0.8625 0.059375 0.225
9 0.6515625 0.8625 0.059375 0.225
9 0.7265625 0.8625 0.059375 0.225
9 0.8015625 0.8625 0.059375 0.225
9 0.8765625 0.8625 0.059375 0.225
9 0.9515625 0.8625 0.059375 0.225
