1 0.0203125 0.11458333333333333 0.040625 0.22916666666666666
1 0.0765625 0.11458333333333333 0.040625 0.22916666666666666
1 0.1328125 0.11458333333333333 0.040625 0.22916666666666666
1 0.1890625 0.11458333333333333 0.040625 0.22916666666666666
2 0.25625 0.10833333333333334 0.0625 0.21666666666666667
2 0.334375 0.10833333333333334 0.0625 0.21666666666666667
2 0.4125 0.10833333333333334 0.0625 0.21666666666666667
2 0.490625 0.10833333333333334 0.0625 0.21666666666666667
2 0.56875 0.10833333333333334 0.0625 0.21666666666666667
2 0.646875 0.10833333333333334 0.0625 0.21666666666666667
2 0.725 0.10833333333333334 0.0625 0.21666666666666667
2 0.803125 0.10833333333333334 0.0625 0.21666666666666667
2 0.88125 0.10833333333333334 0.0625 0.21666666666666667
2 0.959375 0.10833333333333334 0.0625 0.21666666666666667
2 0.03125 0.35833333333333334 0.0625 0.21666666666666667
2 0.109375 0.35833333333333334 0.0625 0.21666666666666667
