1 0.0140625 0.11041666666666666 0.028125 0.22083333333333333
1 0.0578125 0.11041666666666666 0.028125 0.22083333333333333
1 0.1015625 0.11041666666666666 0.028125 0.22083333333333333
1 0.1453125 0.11041666666666666 0.028125 0.22083333333333333
6 0.2046875 0.10833333333333334 0.059375 0.21666666666666667
6 0.2796875 0.10833333333333334 0.059375 0.21666666666666667
6 0.3546875 0.10833333333333334 0.059375 0.21666666666666667
6 0.4296875 0.10833333333333334 0.059375 0.21666666666666667
6 0.5046875 0.10833333333333334 0.059375 0.21666666666666667
6 0.5796875 0.10833333333333334 0.059375 0.21666666666666667
6 0.6546875 0.10833333333333334 0.059375 0.21666666666666667
6 0.7296875 0.10833333333333334 0.059375 0.21666666666666667
6 0.8046875 0.10833333333333334 0.059375 0.21666666666666667
6 0.8796875 0.10833333333333334 0.059375 0.21666666666666667
6 0.9546875 0.10833333333333334 0.059375 0.21666666666666667
6 0.0296875 0.35833333333333334 0.059375 0.21666666666666667
6 0.1046875 0.35833333333333334 0.059375 0.21666666666666667
6 0.1796875 0.35833333333333334 0.059375 0.21666666666666667
6 0.2546875 0.35833333333333334 0.059375 0.21666666666666667
