1 0.01875 0.1125 0.0375 0.225
1 0.071875 0.1125 0.0375 0.225
1 0.125 0.1125 0.0375 0.225
1 0.178125 0.1125 0.0375 0.225
7 0.24375 0.09375 0.0625 0.1875
7 0.321875 0.09375 0.0625 0.1875
7 0.4 0.09375 0.0625 0.1875
7 0.478125 0.09375 0.0625 0.1875
7 0.55625 0.09375 0.0625 0.1875
7 0.634375 0.09375 0.0625 0.1875
7 0.7125 0.09375 0.0625 0.1875
7 0.790625 0.09375 0.0625 0.1875
7 0.86875 0.09375 0.0625 0.1875
7 0.946875 0.09375 0.0625 0.1875
7 0.03125 0.34375 0.0625 0.1875
7 0.109375 0.34375 0.0625 0.1875
7 0.1875 0.34375 0.0625 0.1875
7 0.265625 0.34375 0.0625 0.1875
7 0.34375 0.34375 0.0625 0.1875
7 0.421875 0.34375 0.0625 0.1875
7 0.5 0.34375 0.0625 0.1875
7 0.578125 0.34375 0.0625 0.1875
7 0.65625 0.34375 0.0625 0.1875
7 0.734375 0.34375 0.0625 0.1875
