1 0.01875 0.11458333333333333 0.0375 0.22916666666666666
1 0.071875 0.11458333333333333 0.0375 0.22916666666666666
1 0.125 0.11458333333333333 0.0375 0.22916666666666666
1 0.178125 0.11458333333333333 0.0375 0.22916666666666666
1 0.23125 0.1125 0.0375 0.225
1 0.284375 0.1125 0.0375 0.225
1 0.3375 0.1125 0.0375 0.225
1 0.390625 0.1125 0.0375 0.225
7 0.4578125 0.11666666666666667 0.065625 0.23333333333333334
7 0.5390625 0.11666666666666667 0.065625 0.23333333333333334
7 0.6203125 0.11666666666666667 0.065625 0.23333333333333334
7 0.7015625 0.11666666666666667 0.065625 0.23333333333333334
7 0.7828125 0.11666666666666667 0.065625 0.23333333333333334
7 0.8640625 0.11666666666666667 0.065625 0.23333333333333334
7 0.9453125 0.11666666666666667 0.065625 0.23333333333333334
7 0.0328125 0.36666666666666664 0.065625 0.23333333333333334
7 0.1140625 0.36666666666666664 0.065625 0.23333333333333334
7 0.1953125 0.36666666666666664 0.065625 0.23333333333333334
7 0.2765625 0.36666666666666664 0.065625 0.23333333333333334
7 0.3578125 0.36666666666666664 0.065625 0.23333333333333334
7 0.4390625 0.36666666666666664 0.065625 0.23333333333333334
7 0.5203125 0.36666666666666664 0.065625 0.23333333333333334
7 0.6015625 0.36666666666666664 0.065625 0.23333333333333334
7 0.6828125 0.36666666666666664 0.065625 0.23333333333333334
7 0.7640625 0.36666666666666664 0.065625 0.23333333333333334
7 0.8453125 0.36666666666666664 0.065625 0.23333333333333334
7 0.9265625 0.36666666666666664 0.065625 0.23333333333333334
7 0.0328125 0.6166666666666667 0.065625 0.23333333333333334
4 0.1140625 0.6166666666666667 0.065625 0.23333333333333334
4 0.1953125 0.6166666666666667 0.065625 0.23333333333333334
4 0.2765625 0.6166666666666667 0.065625 0.23333333333333334
4 0.3578125 0.6166666666666667 0.065625 0.23333333333333334
4 0.4390625 0.6166666666666667 0.065625 0.23333333333333334
4 0.5203125 0.6166666666666667 0.065625 0.23333333333333334
4 0.6015625 0.6166666666666667 0.065625 0.23333333333333334
4 0.6828125 0.6166666666666667 0.065625 0.23333333333333334
4 0.7640625 0.6166666666666667 0.065625 0.23333333333333334
4 0.8453125 0.6166666666666667 0.065625 0.23333333333333334
4 0.9265625 0.6166666666666667 0.065625 0.23333333333333334
4 0.0328125 0.8666666666666667 0.065625 0.23333333333333334
4 0.1140625 0.8666666666666667 0.065625 0.23333333333333334
4 0.1953125 0.8666666666666667 0.065625 0.23333333333333334
4 0.2765625 0.8666666666666667 0.065625 0.23333333333333334
4 0.3578125 0.8666666666666667 0.065625 0.23333333333333334
4 0.4390625 0.8666666666666667 0.065625 0.23333333333333334
4 0.5203125 0.8666666666666667 0.065625 0.23333333333333334
4 0.6015625 0.8666666666666667 0.065625 0.23333333333333334
4 0.6828125 0.8666666666666667 0.065625 0.23333333333333334
4 0.7640625 0.8666666666666667 0.065625 0.23333333333333334
4 0.8453125 0.8666666666666667 0.065625 0.23333333333333334
4 0.9265625 0.8666666666666667 0.065625 0.23333333333333334
