1 0.01875 0.1125 0.0375 0.225
1 0.071875 0.1125 0.0375 0.225
1 0.125 0.1125 0.0375 0.225
1 0.178125 0.1125 0.0375 0.225
1 0.2296875 0.11041666666666666 0.034375 0.22083333333333333
1 0.2796875 0.11041666666666666 0.034375 0.22083333333333333
1 0.3296875 0.11041666666666666 0.034375 0.22083333333333333
1 0.3796875 0.11041666666666666 0.034375 0.22083333333333333
9 0.4421875 0.11041666666666666 0.059375 0.22083333333333333
9 0.5171875 0.11041666666666666 0.059375 0.22083333333333333
9 0.5921875 0.11041666666666666 0.059375 0.22083333333333333
9 0.6671875 0.11041666666666666 0.059375 0.22083333333333333
9 0.7421875 0.11041666666666666 0.059375 0.22083333333333333
9 0.8171875 0.11041666666666666 0.059375 0.22083333333333333
9 0.8921875 0.11041666666666666 0.059375 0.22083333333333333
9 0.9671875 0.11041666666666666 0.059375 0.22083333333333333
9 0.0296875 0.36041666666666666 0.059375 0.22083333333333333
9 0.1046875 0.36041666666666666 0.059375 0.22083333333333333
9 0.1796875 0.36041666666666666 0.059375 0.22083333333333333
9 0.2546875 0.36041666666666666 0.059375 0.22083333333333333
9 0.3296875 0.36041666666666666 0.059375 0.22083333333333333
9 0.4046875 0.36041666666666666 0.059375 0.22083333333333333
9 0.4796875 0.36041666666666666 0.059375 0.22083333333333333
9 0.5546875 0.36041666666666666 0.059375 0.22083333333333333
9 0.6296875 0.36041666666666666 0.059375 0.22083333333333333
9 0.7046875 0.36041666666666666 0.059375 0.22083333333333333
9 0.7796875 0.36041666666666666 0.059375 0.22083333333333333
9 0.8546875 0.36041666666666666 0.059375 0.22083333333333333
3 0.9296875 0.36875 0.059375 0.2375
3 0.0296875 0.61875 0.059375 0.2375
3 0.1046875 0.61875 0.059375 0.2375
3 0.1796875 0.61875 0.059375 0.2375
3 0.2546875 0.61875 0.059375 0.2375
3 0.3296875 0.61875 0.059375 0.2375
3 0.4046875 0.61875 0.059375 0.2375
3 0.4796875 0.61875 0.059375 0.2375
3 0.5546875 0.61875 0.059375 0.2375
3 0.6296875 0.61875 0.059375 0.2375
3 0.7046875 0.61875 0.059375 0.2375
3 0.7796875 0.61875 0.059375 0.2375
3 0.8546875 0.61875 0.059375 0.2375
3 0.9296875 0.61875 0.059375 0.2375
3 0.0296875 0.86875 0.059375 0.2375
3 0.1046875 0.86875 0.059375 0.2375
3 0.1796875 0.86875 0.059375 0.2375
3 0.2546875 0.86875 0.059375 0.2375
3 0.3296875 0.86875 0.059375 0.2375
3 0.4046875 0.86875 0.059375 0.2375
