1 0.021875 0.1125 0.04375 0.225
1 0.08125 0.1125 0.04375 0.225
1 0.140625 0.1125 0.04375 0.225
1 0.2 0.1125 0.04375 0.225
6 0.26875 0.1125 0.0625 0.225
6 0.346875 0.1125 0.0625 0.225
6 0.425 0.1125 0.0625 0.225
6 0.503125 0.1125 0.0625 0.225
6 0.58125 0.1125 0.0625 0.225
6 0.659375 0.1125 0.0625 0.225
6 0.7375 0.1125 0.0625 0.225
6 0.815625 0.1125 0.0625 0.225
6 0.89375 0.1125 0.0625 0.225
6 0.03125 0.3625 0.0625 0.225
6 0.109375 0.3625 0.0625 0.225
6 0.1875 0.3625 0.0625 0.225
6 0.265625 0.3625 0.0625 0.225
6 0.34375 0.3625 0.0625 0.225
6 0.421875 0.3625 0.0625 0.225
7 0.5 0.36041666666666666 0.0625 0.22083333333333333
7 0.578125 0.36041666666666666 0.0625 0.22083333333333333
7 0.65625 0.36041666666666666 0.0625 0.22083333333333333
7 0.734375 0.36041666666666666 0.0625 0.22083333333333333
7 0.8125 0.36041666666666666 0.0625 0.22083333333333333
7 0.890625 0.36041666666666666 0.0625 0.22083333333333333
7 0.03125 0.6104166666666667 0.0625 0.22083333333333333
7 0.109375 0.6104166666666667 0.0625 0.22083333333333333
7 0.1875 0.6104166666666667 0.0625 0.22083333333333333
7 0.265625 0.6104166666666667 0.0625 0.22083333333333333
7 0.34375 0.6104166666666667 0.0625 0.22083333333333333
7 0.421875 0.6104166666666667 0.0625 0.22083333333333333
7 0.5 0.6104166666666667 0.0625 0.22083333333333333
7 0.578125 0.6104166666666667 0.0625 0.22083333333333333
7 0.65625 0.6104166666666667 0.0625 0.22083333333333333
7 0.734375 0.6104166666666667 0.0625 0.22083333333333333
7 0.8125 0.6104166666666667 0.0625 0.22083333333333333
7 0.890625 0.6104166666666667 0.0625 0.22083333333333333
7 0.03125 0.8604166666666667 0.0625 0.22083333333333333
7 0.109375 0.8604166666666667 0.0625 0.22083333333333333
