1 0.0171875 0.1125 0.034375 0.225
1 0.0671875 0.1125 0.034375 0.225
1 0.1171875 0.1125 0.034375 0.225
1 0.1671875 0.1125 0.034375 0.225
6 0.2296875 0.1125 0.059375 0.225
6 0.3046875 0.1125 0.059375 0.225
6 0.3796875 0.1125 0.059375 0.225
6 0.4546875 0.1125 0.059375 0.225
6 0.5296875 0.1125 0.059375 0.225
6 0.6046875 0.1125 0.059375 0.225
6 0.6796875 0.1125 0.059375 0.225
6 0.7546875 0.1125 0.059375 0.225
6 0.8296875 0.1125 0.059375 0.225
6 0.9046875 0.1125 0.059375 0.225
6 0.0296875 0.3625 0.059375 0.225
6 0.1046875 0.3625 0.059375 0.225
6 0.1796875 0.3625 0.059375 0.225
6 0.2546875 0.3625 0.059375 0.225
6 0.3296875 0.3625 0.059375 0.225
3 0.4046875 0.3625 0.059375 0.225
3 0.4796875 0.3625 0.059375 0.225
3 0.5546875 0.3625 0.059375 0.225
3 0.6296875 0.3625 0.059375 0.225
3 0.7046875 0.3625 0.059375 0.225
3 0.7796875 0.3625 0.059375 0.225
3 0.8546875 0.3625 0.059375 0.225
3 0.9296875 0.3625 0.059375 0.225
3 0.0296875 0.6125 0.059375 0.225
3 0.1046875 0.6125 0.059375 0.225
3 0.1796875 0.6125 0.059375 0.225
3 0.2546875 0.6125 0.059375 0.225
3 0.3296875 0.6125 0.059375 0.225
3 0.4046875 0.6125 0.059375 0.225
3 0.4796875 0.6125 0.059375 0.225
3 0.5546875 0.6125 0.059375 0.225
3 0.6296875 0.6125 0.059375 0.225
3 0.7046875 0.6125 0.059375 0.225
3 0.7796875 0.6125 0.059375 0.225
3 0.8546875 0.6125 0.059375 0.225
