1 0.01875 0.11041666666666666 0.0375 0.22083333333333333
1 0.071875 0.11041666666666666 0.0375 0.22083333333333333
1 0.125 0.11041666666666666 0.0375 0.22083333333333333
1 0.178125 0.11041666666666666 0.0375 0.22083333333333333
2 0.2421875 0.11041666666666666 0.059375 0.22083333333333333
2 0.3171875 0.11041666666666666 0.059375 0.22083333333333333
2 0.3921875 0.11041666666666666 0.059375 0.22083333333333333
2 0.4671875 0.11041666666666666 0.059375 0.22083333333333333
2 0.5421875 0.11041666666666666 0.059375 0.22083333333333333
2 0.6171875 0.11041666666666666 0.059375 0.22083333333333333
2 0.6921875 0.11041666666666666 0.059375 0.22083333333333333
2 0.7671875 0.11041666666666666 0.059375 0.22083333333333333
2 0.8421875 0.11041666666666666 0.059375 0.22083333333333333
2 0.9171875 0.11041666666666666 0.059375 0.22083333333333333
2 0.0296875 0.36041666666666666 0.059375 0.22083333333333333
2 0.1046875 0.36041666666666666 0.059375 0.22083333333333333
4 0.1765625 0.3645833333333333 0.053125 0.22916666666666666
4 0.2453125 0.3645833333333333 0.053125 0.22916666666666666
4 0.3140625 0.3645833333333333 0.053125 0.22916666666666666
4 0.3828125 0.3645833333333333 0.053125 0.22916666666666666
4 0.4515625 0.3645833333333333 0.053125 0.22916666666666666
4 0.5203125 0.3645833333333333 0.053125 0.22916666666666666
4 0.5890625 0.3645833333333333 0.053125 0.22916666666666666
4 0.6578125 0.3645833333333333 0.053125 0.22916666666666666
4 0.7265625 0.3645833333333333 0.053125 0.22916666666666666
4 0.7953125 0.3645833333333333 0.053125 0.22916666666666666
4 0.8640625 0.3645833333333333 0.053125 0.22916666666666666
4 0.9328125 0.3645833333333333 0.053125 0.22916666666666666
4 0.0265625 0.6145833333333334 0.053125 0.22916666666666666
4 0.0953125 0.6145833333333334 0.053125 0.22916666666666666
4 0.1640625 0.6145833333333334 0.053125 0.22916666666666666
4 0.2328125 0.6145833333333334 0.053125 0.22916666666666666
4 0.3015625 0.6145833333333334 0.053125 0.22916666666666666
4 0.3703125 0.6145833333333334 0.053125 0.22916666666666666
4 0.4390625 0.6145833333333334 0.053125 0.22916666666666666
4 0.5078125 0.6145833333333334 0.053125 0.22916666666666666
4 0.5765625 0.6145833333333334 0.053125 0.22916666666666666
4 0.6453125 0.6145833333333334 0.053125 0.22916666666666666
4 0.7140625 0.6145833333333334 0.053125 0.22916666666666666
4 0.7828125 0.6145833333333334 0.053125 0.22916666666666666
4 0.8515625 0.6145833333333334 0.053125 0.22916666666666666
