5 0.0296875 0.1125 0.059375 0.225
5 0.1046875 0.1125 0.059375 0.225
5 0.1796875 0.1125 0.059375 0.225
5 0.2546875 0.1125 0.059375 0.225
5 0.3296875 0.1125 0.059375 0.225
5 0.4046875 0.1125 0.059375 0.225
5 0.4796875 0.1125 0.059375 0.225
5 0.5546875 0.1125 0.059375 0.225
5 0.6296875 0.1125 0.059375 0.225
5 0.7046875 0.1125 0.059375 0.225
5 0.7796875 0.1125 0.059375 0.225
5 0.8546875 0.1125 0.059375 0.225
5 0.9296875 0.1125 0.059375 0.225
5 0.0296875 0.3625 0.059375 0.225
5 0.1046875 0.3625 0.059375 0.225
5 0.1796875 0.3625 0.059375 0.225
5 0.2546875 0.3625 0.059375 0.225
5 0.3296875 0.3625 0.059375 0.225
5 0.4046875 0.3625 0.059375 0.225
5 0.4796875 0.3625 0.059375 0.225
5 0.553125 0.3645833333333333 0.05625 0.22916666666666666
5 0.625 0.3645833333333333 0.05625 0.22916666666666666
5 0.696875 0.3645833333333333 0.05625 0.22916666666666666
5 0.76875 0.3645833333333333 0.05625 0.22916666666666666
5 0.840625 0.3645833333333333 0.05625 0.22916666666666666
5 0.9125 0.3645833333333333 0.05625 0.22916666666666666
5 0.028125 0.6145833333333334 0.05625 0.22916666666666666
5 0.1 0.6145833333333334 0.05625 0.22916666666666666
5 0.171875 0.6145833333333334 0.05625 0.22916666666666666
5 0.24375 0.6145833333333334 0.05625 0.22916666666666666
5 0.315625 0.6145833333333334 0.05625 0.22916666666666666
5 0.3875 0.6145833333333334 0.05625 0.22916666666666666
5 0.459375 0.6145833333333334 0.05625 0.22916666666666666
5 0.53125 0.6145833333333334 0.05625 0.22916666666666666
5 0.603125 0.6145833333333334 0.05625 0.22916666666666666
5 0.675 0.6145833333333334 0.05625 0.22916666666666666
5 0.746875 0.6145833333333334 0.05625 0.22916666666666666
5 0.81875 0.6145833333333334 0.05625 0.22916666666666666
5 0.890625 0.6145833333333334 0.05625 0.22916666666666666
5 0.9625 0.6145833333333334 0.05625 0.22916666666666666
1 0.0171875 0.8541666666666666 0.034375 0.20833333333333334
1 0.0671875 0.8541666666666666 0.034375 0.20833333333333334
1 0.1171875 0.8541666666666666 0.034375 0.20833333333333334
1 0.1671875 0.8541666666666666 0.034375 0.20833333333333334
