2 0.028125 0.10416666666666667 0.05625 0.20833333333333334
2 0.1 0.10416666666666667 0.05625 0.20833333333333334
2 0.171875 0.10416666666666667 0.05625 0.20833333333333334
2 0.24375 0.10416666666666667 0.05625 0.20833333333333334
2 0.315625 0.10416666666666667 0.05625 0.20833333333333334
2 0.3875 0.10416666666666667 0.05625 0.20833333333333334
2 0.459375 0.10416666666666667 0.05625 0.20833333333333334
2 0.53125 0.10416666666666667 0.05625 0.20833333333333334
2 0.603125 0.10416666666666667 0.05625 0.20833333333333334
2 0.675 0.10416666666666667 0.05625 0.20833333333333334
2 0.746875 0.10416666666666667 0.05625 0.20833333333333334
2 0.81875 0.10416666666666667 0.05625 0.20833333333333334
8 0.8890625 0.10833333333333334 0.053125 0.21666666666666667
8 0.9578125 0.10833333333333334 0.053125 0.21666666666666667
8 0.0265625 0.35833333333333334 0.053125 0.21666666666666667
8 0.0953125 0.35833333333333334 0.053125 0.21666666666666667
8 0.1640625 0.35833333333333334 0.053125 0.21666666666666667
8 0.2328125 0.35833333333333334 0.053125 0.21666666666666667
8 0.3015625 0.35833333333333334 0.053125 0.21666666666666667
8 0.3703125 0.35833333333333334 0.053125 0.21666666666666667
8 0.4390625 0.35833333333333334 0.053125 0.21666666666666667
8 0.5078125 0.35833333333333334 0.053125 0.21666666666666667
8 0.5765625 0.35833333333333334 0.053125 0.21666666666666667
8 0.6453125 0.35833333333333334 0.053125 0.21666666666666667
8 0.7140625 0.35833333333333334 0.053125 0.21666666666666667
8 0.7828125 0.35833333333333334 0.053125 0.21666666666666667
8 0.8515625 0.35833333333333334 0.053125 0.21666666666666667
8 0.9203125 0.35833333333333334 0.053125 0.21666666666666667
8 0.0265625 0.6083333333333333 0.053125 0.21666666666666667
8 0.0953125 0.6083333333333333 0.053125 0.21666666666666667
8 0.1640625 0.6083333333333333 0.053125 0.21666666666666667
8 0.2328125 0.6083333333333333 0.053125 0.21666666666666667
8 0.3015625 0.6083333333333333 0.053125 0.21666666666666667
8 0.3703125 0.6083333333333333 0.053125 0.21666666666666667
8 0.4390625 0.6083333333333333 0.053125 0.21666666666666667
2 0.5109375 0.6104166666666667 0.059375 0.22083333333333333
2 0.5859375 0.6104166666666667 0.059375 0.22083333333333333
2 0.6609375 0.6104166666666667 0.059375 0.22083333333333333
2 0.7359375 0.6104166666666667 0.059375 0.22083333333333333
2 0.8109375 0.6104166666666667 0.059375 0.22083333333333333
2 0.8859375 0.6104166666666667 0.059375 0.22083333333333333
2 0.9609375 0.6104166666666667 0.059375 0.22083333333333333
2 0.0296875 0.8604166666666667 0.059375 0.22083333333333333
2 0.1046875 0.8604166666666667 0.059375 0.22083333333333333
2 0.1796875 0.8604166666666667 0.059375 0.22083333333333333
2 0.2546875 0.8604166666666667 0.059375 0.22083333333333333
2 0.3296875 0.8604166666666667 0.059375 0.22083333333333333
