6 0.0296875 0.11041666666666666 0.059375 0.22083333333333333
6 0.1046875 0.11041666666666666 0.059375 0.22083333333333333
6 0.1796875 0.11041666666666666 0.059375 0.22083333333333333
6 0.2546875 0.11041666666666666 0.059375 0.22083333333333333
6 0.3296875 0.11041666666666666 0.059375 0.22083333333333333
6 0.4046875 0.11041666666666666 0.059375 0.22083333333333333
6 0.4796875 0.11041666666666666 0.059375 0.22083333333333333
6 0.5546875 0.11041666666666666 0.059375 0.22083333333333333
6 0.6296875 0.11041666666666666 0.059375 0.22083333333333333
6 0.7046875 0.11041666666666666 0.059375 0.22083333333333333
6 0.7796875 0.11041666666666666 0.059375 0.22083333333333333
6 0.8546875 0.11041666666666666 0.059375 0.22083333333333333
6 0.9296875 0.11041666666666666 0.059375 0.22083333333333333
6 0.0296875 0.36041666666666666 0.059375 0.22083333333333333
6 0.1046875 0.36041666666666666 0.059375 0.22083333333333333
8 0.1796875 0.35833333333333334 0.059375 0.21666666666666667
8 0.2546875 0.35833333333333334 0.059375 0.21666666666666667
8 0.3296875 0.35833333333333334 0.059375 0.21666666666666667
8 0.4046875 0.35833333333333334 0.059375 0.21666666666666667
8 0.4796875 0.35833333333333334 0.059375 0.21666666666666667
8 0.5546875 0.35833333333333334 0.059375 0.21666666666666667
8 0.6296875 0.35833333333333334 0.059375 0.21666666666666667
8 0.7046875 0.35833333333333334 0.059375 0.21666666666666667
8 0.7796875 0.35833333333333334 0.059375 0.21666666666666667
8 0.8546875 0.35833333333333334 0.059375 0.21666666666666667
8 0.9296875 0.35833333333333334 0.059375 0.21666666666666667
8 0.0296875 0.6083333333333333 0.059375 0.21666666666666667
8 0.1046875 0.6083333333333333 0.059375 0.21666666666666667
8 0.1796875 0.6083333333333333 0.059375 0.21666666666666667
8 0.2546875 0.6083333333333333 0.059375 0.21666666666666667
8 0.3296875 0.6083333333333333 0.059375 0.21666666666666667
8 0.4046875 0.6083333333333333 0.059375 0.21666666666666667
8 0.4796875 0.6083333333333333 0.059375 0.21666666666666667
8 0.5546875 0.6083333333333333 0.059375 0.21666666666666667
8 0.6296875 0.6083333333333333 0.059375 0.21666666666666667
8 0.7046875 0.6083333333333333 0.059375 0.21666666666666667
8 0.7796875 0.6083333333333333 0.059375 0.21666666666666667
8 0.8546875 0.6083333333333333 0.059375 0.21666666666666667
3 0.9296875 0.6125 0.059375 0.225
3 0.0296875 0.8625 0.059375 0.225
3 0.1046875 0.8625 0.059375 0.225
3 0.1796875 0.8625 0.059375 0.225
3 0.2546875 0.8625 0.059375 0.225
3 0.3296875 0.8625 0.059375 0.225
3 0.4046875 0.8625 0.059375 0.225
3 0.4796875 0.8625 0.059375 0.225
3 0.5546875 0.8625 0.059375 0.225
3 0.6296875 0.8625 0.059375 0.225
3 0.7046875 0.8625 0.059375 0.225
3 0.7796875 0.8625 0.059375 0.225
3 0.8546875 0.8625 0.059375 0.225
3 0.9296875 0.8625 0.059375 0.225
