1 0.0140625 0.11041666666666666 0.028125 0.22083333333333333
1 0.0578125 0.11041666666666666 0.028125 0.22083333333333333
1 0.1015625 0.11041666666666666 0.028125 0.22083333333333333
1 0.1453125 0.11041666666666666 0.028125 0.22083333333333333
6 0.203125 0.11041666666666666 0.05625 0.22083333333333333
6 0.275 0.11041666666666666 0.05625 0.22083333333333333
6 0.346875 0.11041666666666666 0.05625 0.22083333333333333
6 0.41875 0.11041666666666666 0.05625 0.22083333333333333
6 0.490625 0.11041666666666666 0.05625 0.22083333333333333
6 0.5625 0.11041666666666666 0.05625 0.22083333333333333
6 0.634375 0.11041666666666666 0.05625 0.22083333333333333
6 0.70625 0.11041666666666666 0.05625 0.22083333333333333
6 0.778125 0.11041666666666666 0.05625 0.22083333333333333
6 0.85 0.11041666666666666 0.05625 0.22083333333333333
6 0.921875 0.11041666666666666 0.05625 0.22083333333333333
6 0.028125 0.36041666666666666 0.05625 0.22083333333333333
6 0.1 0.36041666666666666 0.05625 0.22083333333333333
6 0.171875 0.36041666666666666 0.05625 0.22083333333333333
6 0.24375 0.36041666666666666 0.05625 0.22083333333333333
1 0.3046875 0.3625 0.034375 0.225
1 0.3546875 0.3625 0.034375 0.225
1 0.4046875 0.3625 0.034375 0.225
1 0.4546875 0.3625 0.034375 0.225
