1 0.021875 0.11041666666666666 0.04375 0.22083333333333333
1 0.08125 0.11041666666666666 0.04375 0.22083333333333333
1 0.140625 0.11041666666666666 0.04375 0.22083333333333333
1 0.2 0.11041666666666666 0.04375 0.22083333333333333
2 0.2703125 0.11041666666666666 0.065625 0.22083333333333333
2 0.3515625 0.11041666666666666 0.065625 0.22083333333333333
2 0.4328125 0.11041666666666666 0.065625 0.22083333333333333
2 0.5140625 0.11041666666666666 0.065625 0.22083333333333333
2 0.5953125 0.11041666666666666 0.065625 0.22083333333333333
2 0.6765625 0.11041666666666666 0.065625 0.22083333333333333
2 0.7578125 0.11041666666666666 0.065625 0.22083333333333333
2 0.8390625 0.11041666666666666 0.065625 0.22083333333333333
2 0.9203125 0.11041666666666666 0.065625 0.22083333333333333
2 0.0328125 0.36041666666666666 0.065625 0.22083333333333333
2 0.1140625 0.36041666666666666 0.065625 0.22083333333333333
2 0.1953125 0.36041666666666666 0.065625 0.22083333333333333
