3 0.028125 0.11041666666666666 0.05625 0.22083333333333333
3 0.1 0.11041666666666666 0.05625 0.22083333333333333
3 0.171875 0.11041666666666666 0.05625 0.22083333333333333
3 0.24375 0.11041666666666666 0.05625 0.22083333333333333
3 0.315625 0.11041666666666666 0.05625 0.22083333333333333
3 0.3875 0.11041666666666666 0.05625 0.22083333333333333
3 0.459375 0.11041666666666666 0.05625 0.22083333333333333
3 0.53125 0.11041666666666666 0.05625 0.22083333333333333
3 0.603125 0.11041666666666666 0.05625 0.22083333333333333
3 0.675 0.11041666666666666 0.05625 0.22083333333333333
3 0.746875 0.11041666666666666 0.05625 0.22083333333333333
3 0.81875 0.11041666666666666 0.05625 0.22083333333333333
3 0.890625 0.11041666666666666 0.05625 0.22083333333333333
3 0.9625 0.11041666666666666 0.05625 0.22083333333333333
3 0.028125 0.36041666666666666 0.05625 0.22083333333333333
3 0.1 0.36041666666666666 0.05625 0.22083333333333333
3 0.171875 0.36041666666666666 0.05625 0.22083333333333333
3 0.24375 0.36041666666666666 0.05625 0.22083333333333333
3 0.315625 0.36041666666666666 0.05625 0.22083333333333333
3 0.3875 0.36041666666666666 0.05625 0.22083333333333333
4 0.4609375 0.3645833333333333 0.059375 0.22916666666666666
4 0.5359375 0.3645833333333333 0.059375 0.22916666666666666
4 0.6109375 0.3645833333333333 0.059375 0.22916666666666666
4 0.6859375 0.3645833333333333 0.059375 0.22916666666666666
4 0.7609375 0.3645833333333333 0.059375 0.22916666666666666
4 0.8359375 0.3645833333333333 0.059375 0.22916666666666666
4 0.9109375 0.3645833333333333 0.059375 0.22916666666666666
4 0.0296875 0.6145833333333334 0.059375 0.22916666666666666
4 0.1046875 0.6145833333333334 0.059375 0.22916666666666666
4 0.1796875 0.6145833333333334 0.059375 0.22916666666666666
4 0.2546875 0.6145833333333334 0.059375 0.22916666666666666
4 0.3296875 0.6145833333333334 0.059375 0.22916666666666666
4 0.4046875 0.6145833333333334 0.059375 0.22916666666666666
4 0.4796875 0.6145833333333334 0.059375 0.22916666666666666
4 0.5546875 0.6145833333333334 0.059375 0.22916666666666666
4 0.6296875 0.6145833333333334 0.059375 0.22916666666666666
4 0.7046875 0.6145833333333334 0.059375 0.22916666666666666
4 0.7796875 0.6145833333333334 0.059375 0.22916666666666666
4 0.8546875 0.6145833333333334 0.059375 0.22916666666666666
4 0.9296875 0.6145833333333334 0.059375 0.22916666666666666
4 0.0296875 0.8645833333333334 0.059375 0.22916666666666666
4 0.1046875 0.8645833333333334 0.059375 0.22916666666666666
4 0.1796875 0.8645833333333334 0.059375 0.22916666666666666
4 0.2546875 0.8645833333333334 0.059375 0.22916666666666666
4 0.3296875 0.8645833333333334 0.059375 0.22916666666666666
2 0.4046875 0.8583333333333333 0.059375 0.21666666666666667
2 0.4796875 0.8583333333333333 0.059375 0.21666666666666667
2 0.5546875 0.8583333333333333 0.059375 0.21666666666666667
2 0.6296875 0.8583333333333333 0.059375 0.21666666666666667
2 0.7046875 0.8583333333333333 0.059375 0.21666666666666667
2 0.7796875 0.8583333333333333 0.059375 0.21666666666666667
2 0.8546875 0.8583333333333333 0.059375 0.21666666666666667
2 0.9296875 0.8583333333333333 0.059375 0.21666666666666667
