1 0.0171875 0.1125 0.034375 0.225
1 0.0671875 0.1125 0.034375 0.225
1 0.1171875 0.1125 0.034375 0.225
1 0.1671875 0.1125 0.034375 0.225
2 0.23125 0.11458333333333333 0.0625 0.22916666666666666
2 0.309375 0.11458333333333333 0.0625 0.22916666666666666
2 0.3875 0.11458333333333333 0.0625 0.22916666666666666
2 0.465625 0.11458333333333333 0.0625 0.22916666666666666
2 0.54375 0.11458333333333333 0.0625 0.22916666666666666
2 0.621875 0.11458333333333333 0.0625 0.22916666666666666
2 0.7 0.11458333333333333 0.0625 0.22916666666666666
2 0.778125 0.11458333333333333 0.0625 0.22916666666666666
2 0.85625 0.11458333333333333 0.0625 0.22916666666666666
2 0.934375 0.11458333333333333 0.0625 0.22916666666666666
2 0.03125 0.3645833333333333 0.0625 0.22916666666666666
2 0.109375 0.3645833333333333 0.0625 0.22916666666666666
1 0.1734375 0.36875 0.034375 0.2375
1 0.2234375 0.36875 0.034375 0.2375
1 0.2734375 0.36875 0.034375 0.2375
1 0.3234375 0.36875 0.034375 0.2375
4 0.3890625 0.36666666666666664 0.065625 0.23333333333333334
4 0.4703125 0.36666666666666664 0.065625 0.23333333333333334
4 0.5515625 0.36666666666666664 0.065625 0.23333333333333334
4 0.6328125 0.36666666666666664 0.065625 0.23333333333333334
4 0.7140625 0.36666666666666664 0.065625 0.23333333333333334
4 0.7953125 0.36666666666666664 0.065625 0.23333333333333334
4 0.8765625 0.36666666666666664 0.065625 0.23333333333333334
4 0.9578125 0.36666666666666664 0.065625 0.23333333333333334
4 0.0328125 0.6166666666666667 0.065625 0.23333333333333334
4 0.1140625 0.6166666666666667 0.065625 0.23333333333333334
4 0.1953125 0.6166666666666667 0.065625 0.23333333333333334
4 0.2765625 0.6166666666666667 0.065625 0.23333333333333334
4 0.3578125 0.6166666666666667 0.065625 0.23333333333333334
4 0.4390625 0.6166666666666667 0.065625 0.23333333333333334
4 0.5203125 0.6166666666666667 0.065625 0.23333333333333334
4 0.6015625 0.6166666666666667 0.065625 0.23333333333333334
4 0.6828125 0.6166666666666667 0.065625 0.23333333333333334
4 0.7640625 0.6166666666666667 0.065625 0.23333333333333334
4 0.8453125 0.6166666666666667 0.065625 0.23333333333333334
4 0.9265625 0.6166666666666667 0.065625 0.23333333333333334
4 0.0328125 0.8666666666666667 0.065625 0.23333333333333334
4 0.1140625 0.8666666666666667 0.065625 0.23333333333333334
4 0.1953125 0.8666666666666667 0.065625 0.23333333333333334
4 0.2765625 0.8666666666666667 0.065625 0.23333333333333334
4 0.3578125 0.8666666666666667 0.065625 0.23333333333333334
