1 0.0203125 0.1125 0.040625 0.225
1 0.0765625 0.1125 0.040625 0.225
1 0.1328125 0.1125 0.040625 0.225
1 0.1890625 0.1125 0.040625 0.225
2 0.25625 0.11041666666666666 0.0625 0.22083333333333333
2 0.334375 0.11041666666666666 0.0625 0.22083333333333333
2 0.4125 0.11041666666666666 0.0625 0.22083333333333333
2 0.490625 0.11041666666666666 0.0625 0.22083333333333333
2 0.56875 0.11041666666666666 0.0625 0.22083333333333333
2 0.646875 0.11041666666666666 0.0625 0.22083333333333333
2 0.725 0.11041666666666666 0.0625 0.22083333333333333
2 0.803125 0.11041666666666666 0.0625 0.22083333333333333
2 0.88125 0.11041666666666666 0.0625 0.22083333333333333
2 0.959375 0.11041666666666666 0.0625 0.22083333333333333
2 0.03125 0.36041666666666666 0.0625 0.22083333333333333
2 0.109375 0.36041666666666666 0.0625 0.22083333333333333
2 0.1859375 0.35625 0.059375 0.2125
2 0.2609375 0.35625 0.059375 0.2125
2 0.3359375 0.35625 0.059375 0.2125
2 0.4109375 0.35625 0.059375 0.2125
2 0.4859375 0.35625 0.059375 0.2125
2 0.5609375 0.35625 0.059375 0.2125
2 0.6359375 0.35625 0.059375 0.2125
2 0.7109375 0.35625 0.059375 0.2125
2 0.7859375 0.35625 0.059375 0.2125
2 0.8609375 0.35625 0.059375 0.2125
2 0.9359375 0.35625 0.059375 0.2125
2 0.0296875 0.60625 0.059375 0.2125
