9 0.03125 0.10625 0.0625 0.2125
9 0.109375 0.10625 0.0625 0.2125
9 0.1875 0.10625 0.0625 0.2125
9 0.265625 0.10625 0.0625 0.2125
9 0.34375 0.10625 0.0625 0.2125
9 0.421875 0.10625 0.0625 0.2125
9 0.5 0.10625 0.0625 0.2125
9 0.578125 0.10625 0.0625 0.2125
9 0.65625 0.10625 0.0625 0.2125
9 0.734375 0.10625 0.0625 0.2125
9 0.8125 0.10625 0.0625 0.2125
9 0.890625 0.10625 0.0625 0.2125
9 0.03125 0.35625 0.0625 0.2125
9 0.109375 0.35625 0.0625 0.2125
9 0.1875 0.35625 0.0625 0.2125
9 0.265625 0.35625 0.0625 0.2125
9 0.34375 0.35625 0.0625 0.2125
9 0.421875 0.35625 0.0625 0.2125
9 0.5 0.35625 0.0625 0.2125
9 0.578125 0.35625 0.0625 0.2125
6 0.65625 0.36041666666666666 0.0625 0.22083333333333333
6 0.734375 0.36041666666666666 0.0625 0.22083333333333333
6 0.8125 0.36041666666666666 0.0625 0.22083333333333333
6 0.890625 0.36041666666666666 0.0625 0.22083333333333333
6 0.03125 0.6104166666666667 0.0625 0.22083333333333333
6 0.109375 0.6104166666666667 0.0625 0.22083333333333333
6 0.1875 0.6104166666666667 0.0625 0.22083333333333333
6 0.265625 0.6104166666666667 0.0625 0.22083333333333333
6 0.34375 0.6104166666666667 0.0625 0.22083333333333333
6 0.421875 0.6104166666666667 0.0625 0.22083333333333333
6 0.5 0.6104166666666667 0.0625 0.22083333333333333
6 0.578125 0.6104166666666667 0.0625 0.22083333333333333
6 0.65625 0.6104166666666667 0.0625 0.22083333333333333
6 0.734375 0.6104166666666667 0.0625 0.22083333333333333
6 0.8125 0.6104166666666667 0.0625 0.22083333333333333
5 0.8890625 0.6125 0.059375 0.225
5 0.9640625 0.6125 0.059375 0.225
5 0.0296875 0.8625 0.059375 0.225
5 0.1046875 0.8625 0.059375 0.225
5 0.1796875 0.8625 0.059375 0.225
5 0.2546875 0.8625 0.059375 0.225
5 0.3296875 0.8625 0.059375 0.225
5 0.4046875 0.8625 0.059375 0.225
5 0.4796875 0.8625 0.059375 0.225
5 0.5546875 0.8625 0.059375 0.225
5 0.6296875 0.8625 0.059375 0.225
5 0.7046875 0.8625 0.059375 0.225
5 0.7796875 0.8625 0.059375 0.225
5 0.8546875 0.8625 0.059375 0.225
5 0.9296875 0.8625 0.059375 0.225
