9 0.03125 0.10416666666666667 0.0625 0.20833333333333334
9 0.109375 0.10416666666666667 0.0625 0.20833333333333334
9 0.1875 0.10416666666666667 0.0625 0.20833333333333334
9 0.265625 0.10416666666666667 0.0625 0.20833333333333334
9 0.34375 0.10416666666666667 0.0625 0.20833333333333334
9 0.421875 0.10416666666666667 0.0625 0.20833333333333334
9 0.5 0.10416666666666667 0.0625 0.20833333333333334
9 0.578125 0.10416666666666667 0.0625 0.20833333333333334
9 0.65625 0.10416666666666667 0.0625 0.20833333333333334
9 0.734375 0.10416666666666667 0.0625 0.20833333333333334
9 0.8125 0.10416666666666667 0.0625 0.20833333333333334
9 0.890625 0.10416666666666667 0.0625 0.20833333333333334
9 0.03125 0.3541666666666667 0.0625 0.20833333333333334
9 0.109375 0.3541666666666667 0.0625 0.20833333333333334
9 0.1875 0.3541666666666667 0.0625 0.20833333333333334
9 0.265625 0.3541666666666667 0.0625 0.20833333333333334
9 0.34375 0.3541666666666667 0.0625 0.20833333333333334
9 0.421875 0.3541666666666667 0.0625 0.20833333333333334
9 0.5 0.3541666666666667 0.0625 0.20833333333333334
9 0.578125 0.3541666666666667 0.0625 0.20833333333333334
9 0.6546875 0.35833333333333334 0.059375 0.21666666666666667
9 0.7296875 0.35833333333333334 0.059375 0.21666666666666667
9 0.8046875 0.35833333333333334 0.059375 0.21666666666666667
9 0.8796875 0.35833333333333334 0.059375 0.21666666666666667
9 0.9546875 0.35833333333333334 0.059375 0.21666666666666667
9 0.0296875 0.6083333333333333 0.059375 0.21666666666666667
9 0.1046875 0.6083333333333333 0.059375 0.21666666666666667
9 0.1796875 0.6083333333333333 0.059375 0.21666666666666667
9 0.2546875 0.6083333333333333 0.059375 0.21666666666666667
9 0.3296875 0.6083333333333333 0.059375 0.21666666666666667
9 0.4046875 0.6083333333333333 0.059375 0.21666666666666667
9 0.4796875 0.6083333333333333 0.059375 0.21666666666666667
9 0.5546875 0.6083333333333333 0.059375 0.21666666666666667
9 0.6296875 0.6083333333333333 0.059375 0.21666666666666667
9 0.7046875 0.6083333333333333 0.059375 0.21666666666666667
9 0.7796875 0.6083333333333333 0.059375 0.21666666666666667
9 0.8546875 0.6083333333333333 0.059375 0.21666666666666667
9 0.9296875 0.6083333333333333 0.059375 0.21666666666666667
9 0.0296875 0.8583333333333333 0.059375 0.21666666666666667
9 0.1046875 0.8583333333333333 0.059375 0.21666666666666667
9 0.18125 0.8583333333333333 0.0625 0.21666666666666667
9 0.259375 0.8583333333333333 0.0625 0.21666666666666667
9 0.3375 0.8583333333333333 0.0625 0.21666666666666667
9 0.415625 0.8583333333333333 0.0625 0.21666666666666667
9 0.49375 0.8583333333333333 0.0625 0.21666666666666667
9 0.571875 0.8583333333333333 0.0625 0.21666666666666667
9 0.65 0.8583333333333333 0.0625 0.21666666666666667
9 0.728125 0.8583333333333333 0.0625 0.21666666666666667
9 0.80625 0.8583333333333333 0.0625 0.21666666666666667
9 0.884375 0.8583333333333333 0.0625 0.21666666666666667
9 0.9625 0.8583333333333333 0.0625 0.21666666666666667
