1 0.015625 0.11041666666666666 0.03125 0.22083333333333333
1 0.0625 0.11041666666666666 0.03125 0.22083333333333333
1 0.109375 0.11041666666666666 0.03125 0.22083333333333333
1 0.15625 0.11041666666666666 0.03125 0.22083333333333333
6 0.2140625 0.10833333333333334 0.053125 0.21666666666666667
6 0.2828125 0.10833333333333334 0.053125 0.21666666666666667
6 0.3515625 0.10833333333333334 0.053125 0.21666666666666667
6 0.4203125 0.10833333333333334 0.053125 0.21666666666666667
6 0.4890625 0.10833333333333334 0.053125 0.21666666666666667
6 0.5578125 0.10833333333333334 0.053125 0.21666666666666667
6 0.6265625 0.10833333333333334 0.053125 0.21666666666666667
6 0.6953125 0.10833333333333334 0.053125 0.21666666666666667
6 0.7640625 0.10833333333333334 0.053125 0.21666666666666667
6 0.8328125 0.10833333333333334 0.053125 0.21666666666666667
6 0.9015625 0.10833333333333334 0.053125 0.21666666666666667
6 0.9703125 0.10833333333333334 0.053125 0.21666666666666667
6 0.0265625 0.35833333333333334 0.053125 0.21666666666666667
6 0.0953125 0.35833333333333334 0.053125 0.21666666666666667
6 0.1640625 0.35833333333333334 0.053125 0.21666666666666667
9 0.2359375 0.35833333333333334 0.059375 0.21666666666666667
9 0.3109375 0.35833333333333334 0.059375 0.21666666666666667
9 0.3859375 0.35833333333333334 0.059375 0.21666666666666667
9 0.4609375 0.35833333333333334 0.059375 0.21666666666666667
9 0.5359375 0.35833333333333334 0.059375 0.21666666666666667
9 0.6109375 0.35833333333333334 0.059375 0.21666666666666667
9 0.6859375 0.35833333333333334 0.059375 0.21666666666666667
9 0.7609375 0.35833333333333334 0.059375 0.21666666666666667
9 0.8359375 0.35833333333333334 0.059375 0.21666666666666667
9 0.9109375 0.35833333333333334 0.059375 0.21666666666666667
9 0.0296875 0.6083333333333333 0.059375 0.21666666666666667
9 0.1046875 0.6083333333333333 0.059375 0.21666666666666667
9 0.1796875 0.6083333333333333 0.059375 0.21666666666666667
9 0.2546875 0.6083333333333333 0.059375 0.21666666666666667
9 0.3296875 0.6083333333333333 0.059375 0.21666666666666667
9 0.4046875 0.6083333333333333 0.059375 0.21666666666666667
9 0.4796875 0.6083333333333333 0.059375 0.21666666666666667
9 0.5546875 0.6083333333333333 0.059375 0.21666666666666667
9 0.6296875 0.6083333333333333 0.059375 0.21666666666666667
9 0.7046875 0.6083333333333333 0.059375 0.21666666666666667
