1 0.0171875 0.1125 0.034375 0.225
1 0.0671875 0.1125 0.034375 0.225
1 0.1171875 0.1125 0.034375 0.225
1 0.1671875 0.1125 0.034375 0.225
5 0.2296875 0.11041666666666666 0.059375 0.22083333333333333
5 0.3046875 0.11041666666666666 0.059375 0.22083333333333333
5 0.3796875 0.11041666666666666 0.059375 0.22083333333333333
5 0.4546875 0.11041666666666666 0.059375 0.22083333333333333
5 0.5296875 0.11041666666666666 0.059375 0.22083333333333333
5 0.6046875 0.11041666666666666 0.059375 0.22083333333333333
5 0.6796875 0.11041666666666666 0.059375 0.22083333333333333
5 0.7546875 0.11041666666666666 0.059375 0.22083333333333333
5 0.8296875 0.11041666666666666 0.059375 0.22083333333333333
5 0.9046875 0.11041666666666666 0.059375 0.22083333333333333
5 0.0296875 0.36041666666666666 0.059375 0.22083333333333333
5 0.1046875 0.36041666666666666 0.059375 0.22083333333333333
5 0.1796875 0.36041666666666666 0.059375 0.22083333333333333
5 0.2546875 0.36041666666666666 0.059375 0.22083333333333333
5 0.3296875 0.36041666666666666 0.059375 0.22083333333333333
5 0.4046875 0.36041666666666666 0.059375 0.22083333333333333
5 0.4796875 0.36041666666666666 0.059375 0.22083333333333333
5 0.5546875 0.36041666666666666 0.059375 0.22083333333333333
5 0.6296875 0.36041666666666666 0.059375 0.22083333333333333
5 0.7046875 0.36041666666666666 0.059375 0.22083333333333333
8 0.78125 0.35625 0.0625 0.2125
8 0.859375 0.35625 0.0625 0.2125
8 0.9375 0.35625 0.0625 0.2125
8 0.03125 0.60625 0.0625 0.2125
8 0.109375 0.60625 0.0625 0.2125
8 0.1875 0.60625 0.0625 0.2125
8 0.265625 0.60625 0.0625 0.2125
8 0.34375 0.60625 0.0625 0.2125
8 0.421875 0.60625 0.0625 0.2125
8 0.5 0.60625 0.0625 0.2125
8 0.578125 0.60625 0.0625 0.2125
8 0.65625 0.60625 0.0625 0.2125
8 0.734375 0.60625 0.0625 0.2125
8 0.8125 0.60625 0.0625 0.2125
8 0.890625 0.60625 0.0625 0.2125
8 0.03125 0.85625 0.0625 0.2125
8 0.109375 0.85625 0.0625 0.2125
8 0.1875 0.85625 0.0625 0.2125
8 0.265625 0.85625 0.0625 0.2125
8 0.34375 0.85625 0.0625 0.2125
8 0.421875 0.85625 0.0625 0.2125
8 0.5 0.85625 0.0625 0.2125
8 0.578125 0.85625 0.0625 0.2125
