1 0.015625 0.11041666666666666 0.03125 0.22083333333333333
1 0.0625 0.11041666666666666 0.03125 0.22083333333333333
1 0.109375 0.11041666666666666 0.03125 0.22083333333333333
1 0.15625 0.11041666666666666 0.03125 0.22083333333333333
2 0.2203125 0.11458333333333333 0.065625 0.22916666666666666
2 0.3015625 0.11458333333333333 0.065625 0.22916666666666666
2 0.3828125 0.11458333333333333 0.065625 0.22916666666666666
2 0.4640625 0.11458333333333333 0.065625 0.22916666666666666
2 0.5453125 0.11458333333333333 0.065625 0.22916666666666666
2 0.6265625 0.11458333333333333 0.065625 0.22916666666666666
2 0.7078125 0.11458333333333333 0.065625 0.22916666666666666
2 0.7890625 0.11458333333333333 0.065625 0.22916666666666666
2 0.8703125 0.11458333333333333 0.065625 0.22916666666666666
2 0.9515625 0.11458333333333333 0.065625 0.22916666666666666
2 0.0328125 0.3645833333333333 0.065625 0.22916666666666666
2 0.1140625 0.3645833333333333 0.065625 0.22916666666666666
5 0.1921875 0.3645833333333333 0.059375 0.22916666666666666
5 0.2671875 0.3645833333333333 0.059375 0.22916666666666666
5 0.3421875 0.3645833333333333 0.059375 0.22916666666666666
5 0.4171875 0.3645833333333333 0.059375 0.22916666666666666
5 0.4921875 0.3645833333333333 0.059375 0.22916666666666666
5 0.5671875 0.3645833333333333 0.059375 0.22916666666666666
5 0.6421875 0.3645833333333333 0.059375 0.22916666666666666
5 0.7171875 0.3645833333333333 0.059375 0.22916666666666666
5 0.7921875 0.3645833333333333 0.059375 0.22916666666666666
5 0.8671875 0.3645833333333333 0.059375 0.22916666666666666
5 0.9421875 0.3645833333333333 0.059375 0.22916666666666666
5 0.0296875 0.6145833333333334 0.059375 0.22916666666666666
5 0.1046875 0.6145833333333334 0.059375 0.22916666666666666
5 0.1796875 0.6145833333333334 0.059375 0.22916666666666666
5 0.2546875 0.6145833333333334 0.059375 0.22916666666666666
5 0.3296875 0.6145833333333334 0.059375 0.22916666666666666
5 0.4046875 0.6145833333333334 0.059375 0.22916666666666666
5 0.4796875 0.6145833333333334 0.059375 0.22916666666666666
5 0.5546875 0.6145833333333334 0.059375 0.22916666666666666
5 0.6296875 0.6145833333333334 0.059375 0.22916666666666666
2 0.70625 0.6083333333333333 0.0625 0.21666666666666667
2 0.784375 0.6083333333333333 0.0625 0.21666666666666667
2 0.8625 0.6083333333333333 0.0625 0.21666666666666667
2 0.940625 0.6083333333333333 0.0625 0.21666666666666667
2 0.03125 0.8583333333333333 0.0625 0.21666666666666667
2 0.109375 0.8583333333333333 0.0625 0.21666666666666667
2 0.1875 0.8583333333333333 0.0625 0.21666666666666667
2 0.265625 0.8583333333333333 0.0625 0.21666666666666667
2 0.34375 0.8583333333333333 0.0625 0.21666666666666667
2 0.421875 0.8583333333333333 0.0625 0.21666666666666667
2 0.5 0.8583333333333333 0.0625 0.21666666666666667
2 0.578125 0.8583333333333333 0.0625 0.21666666666666667
