6 0.028125 0.11041666666666666 0.05625 0.22083333333333333
6 0.1 0.11041666666666666 0.05625 0.22083333333333333
6 0.171875 0.11041666666666666 0.05625 0.22083333333333333
6 0.24375 0.11041666666666666 0.05625 0.22083333333333333
6 0.315625 0.11041666666666666 0.05625 0.22083333333333333
6 0.3875 0.11041666666666666 0.05625 0.22083333333333333
6 0.459375 0.11041666666666666 0.05625 0.22083333333333333
6 0.53125 0.11041666666666666 0.05625 0.22083333333333333
6 0.603125 0.11041666666666666 0.05625 0.22083333333333333
6 0.675 0.11041666666666666 0.05625 0.22083333333333333
6 0.746875 0.11041666666666666 0.05625 0.22083333333333333
6 0.81875 0.11041666666666666 0.05625 0.22083333333333333
6 0.890625 0.11041666666666666 0.05625 0.22083333333333333
6 0.9625 0.11041666666666666 0.05625 0.22083333333333333
6 0.028125 0.36041666666666666 0.05625 0.22083333333333333
2 0.1015625 0.3541666666666667 0.059375 0.20833333333333334
2 0.1765625 0.3541666666666667 0.059375 0.20833333333333334
2 0.2515625 0.3541666666666667 0.059375 0.20833333333333334
2 0.3265625 0.3541666666666667 0.059375 0.20833333333333334
2 0.4015625 0.3541666666666667 0.059375 0.20833333333333334
2 0.4765625 0.3541666666666667 0.059375 0.20833333333333334
2 0.5515625 0.3541666666666667 0.059375 0.20833333333333334
2 0.6265625 0.3541666666666667 0.059375 0.20833333333333334
2 0.7015625 0.3541666666666667 0.059375 0.20833333333333334
2 0.7765625 0.3541666666666667 0.059375 0.20833333333333334
2 0.8515625 0.3541666666666667 0.059375 0.20833333333333334
2 0.9265625 0.3541666666666667 0.059375 0.20833333333333334
3 0.0265625 0.6125 0.053125 0.225
3 0.0953125 0.6125 0.053125 0.225
3 0.1640625 0.6125 0.053125 0.225
3 0.2328125 0.6125 0.053125 0.225
3 0.3015625 0.6125 0.053125 0.225
3 0.3703125 0.6125 0.053125 0.225
3 0.4390625 0.6125 0.053125 0.225
3 0.5078125 0.6125 0.053125 0.225
3 0.5765625 0.6125 0.053125 0.225
3 0.6453125 0.6125 0.053125 0.225
3 0.7140625 0.6125 0.053125 0.225
3 0.7828125 0.6125 0.053125 0.225
3 0.8515625 0.6125 0.053125 0.225
3 0.9203125 0.6125 0.053125 0.225
3 0.0265625 0.8625 0.053125 0.225
3 0.0953125 0.8625 0.053125 0.225
3 0.1640625 0.8625 0.053125 0.225
3 0.2328125 0.8625 0.053125 0.225
3 0.3015625 0.8625 0.053125 0.225
3 0.3703125 0.8625 0.053125 0.225
