1 0.01875 0.11041666666666666 0.0375 0.22083333333333333
1 0.071875 0.11041666666666666 0.0375 0.22083333333333333
1 0.125 0.11041666666666666 0.0375 0.22083333333333333
1 0.178125 0.11041666666666666 0.0375 0.22083333333333333
6 0.240625 0.10833333333333334 0.05625 0.21666666666666667
6 0.3125 0.10833333333333334 0.05625 0.21666666666666667
6 0.384375 0.10833333333333334 0.05625 0.21666666666666667
6 0.45625 0.10833333333333334 0.05625 0.21666666666666667
6 0.528125 0.10833333333333334 0.05625 0.21666666666666667
6 0.6 0.10833333333333334 0.05625 0.21666666666666667
6 0.671875 0.10833333333333334 0.05625 0.21666666666666667
6 0.74375 0.10833333333333334 0.05625 0.21666666666666667
6 0.815625 0.10833333333333334 0.05625 0.21666666666666667
6 0.8875 0.10833333333333334 0.05625 0.21666666666666667
6 0.959375 0.10833333333333334 0.05625 0.21666666666666667
6 0.028125 0.35833333333333334 0.05625 0.21666666666666667
6 0.1 0.35833333333333334 0.05625 0.21666666666666667
6 0.171875 0.35833333333333334 0.05625 0.21666666666666667
6 0.24375 0.35833333333333334 0.05625 0.21666666666666667
5 0.3125 0.36041666666666666 0.05 0.22083333333333333
5 0.378125 0.36041666666666666 0.05 0.22083333333333333
5 0.44375 0.36041666666666666 0.05 0.22083333333333333
5 0.509375 0.36041666666666666 0.05 0.22083333333333333
5 0.575 0.36041666666666666 0.05 0.22083333333333333
5 0.640625 0.36041666666666666 0.05 0.22083333333333333
5 0.70625 0.36041666666666666 0.05 0.22083333333333333
5 0.771875 0.36041666666666666 0.05 0.22083333333333333
5 0.8375 0.36041666666666666 0.05 0.22083333333333333
5 0.903125 0.36041666666666666 0.05 0.22083333333333333
5 0.96875 0.36041666666666666 0.05 0.22083333333333333
5 0.025 0.6104166666666667 0.05 0.22083333333333333
5 0.090625 0.6104166666666667 0.05 0.22083333333333333
5 0.15625 0.6104166666666667 0.05 0.22083333333333333
5 0.221875 0.6104166666666667 0.05 0.22083333333333333
5 0.2875 0.6104166666666667 0.05 0.22083333333333333
5 0.353125 0.6104166666666667 0.05 0.22083333333333333
5 0.41875 0.6104166666666667 0.05 0.22083333333333333
5 0.484375 0.6104166666666667 0.05 0.22083333333333333
5 0.55 0.6104166666666667 0.05 0.22083333333333333
