1 0.0171875 0.10833333333333334 0.034375 0.21666666666666667
1 0.0671875 0.10833333333333334 0.034375 0.21666666666666667
1 0.1171875 0.10833333333333334 0.034375 0.21666666666666667
1 0.1671875 0.10833333333333334 0.034375 0.21666666666666667
3 0.2296875 0.1125 0.059375 0.225
3 0.3046875 0.1125 0.059375 0.225
3 0.3796875 0.1125 0.059375 0.225
3 0.4546875 0.1125 0.059375 0.225
3 0.5296875 0.1125 0.059375 0.225
3 0.6046875 0.1125 0.059375 0.225
3 0.6796875 0.1125 0.059375 0.225
3 0.7546875 0.1125 0.059375 0.225
3 0.8296875 0.1125 0.059375 0.225
3 0.9046875 0.1125 0.059375 0.225
3 0.0296875 0.3625 0.059375 0.225
3 0.1046875 0.3625 0.059375 0.225
3 0.1796875 0.3625 0.059375 0.225
3 0.2546875 0.3625 0.059375 0.225
3 0.3296875 0.3625 0.059375 0.225
3 0.4046875 0.3625 0.059375 0.225
3 0.4796875 0.3625 0.059375 0.225
3 0.5546875 0.3625 0.059375 0.225
3 0.6296875 0.3625 0.059375 0.225
3 0.7046875 0.3625 0.059375 0.225
2 0.78125 0.35 0.0625 0.2
2 0.859375 0.35 0.0625 0.2
2 0.9375 0.35 0.0625 0.2
2 0.03125 0.6 0.0625 0.2
2 0.109375 0.6 0.0625 0.2
2 0.1875 0.6 0.0625 0.2
2 0.265625 0.6 0.0625 0.2
2 0.34375 0.6 0.0625 0.2
2 0.421875 0.6 0.0625 0.2
2 0.5 0.6 0.0625 0.2
2 0.578125 0.6 0.0625 0.2
2 0.65625 0.6 0.0625 0.2
