1 0.0171875 0.11458333333333333 0.034375 0.22916666666666666
1 0.0671875 0.11458333333333333 0.034375 0.22916666666666666
1 0.1171875 0.11458333333333333 0.034375 0.22916666666666666
1 0.1671875 0.11458333333333333 0.034375 0.22916666666666666
6 0.23125 0.11041666666666666 0.0625 0.22083333333333333
6 0.309375 0.11041666666666666 0.0625 0.22083333333333333
6 0.3875 0.11041666666666666 0.0625 0.22083333333333333
6 0.465625 0.11041666666666666 0.0625 0.22083333333333333
6 0.54375 0.11041666666666666 0.0625 0.22083333333333333
6 0.621875 0.11041666666666666 0.0625 0.22083333333333333
6 0.7 0.11041666666666666 0.0625 0.22083333333333333
6 0.778125 0.11041666666666666 0.0625 0.22083333333333333
6 0.85625 0.11041666666666666 0.0625 0.22083333333333333
6 0.934375 0.11041666666666666 0.0625 0.22083333333333333
6 0.03125 0.36041666666666666 0.0625 0.22083333333333333
6 0.109375 0.36041666666666666 0.0625 0.22083333333333333
6 0.1875 0.36041666666666666 0.0625 0.22083333333333333
6 0.265625 0.36041666666666666 0.0625 0.22083333333333333
6 0.34375 0.36041666666666666 0.0625 0.22083333333333333
3 0.41875 0.3625 0.05625 0.225
3 0.490625 0.3625 0.05625 0.225
3 0.5625 0.3625 0.05625 0.225
3 0.634375 0.3625 0.05625 0.225
3 0.70625 0.3625 0.05625 0.225
3 0.778125 0.3625 0.05625 0.225
3 0.85 0.3625 0.05625 0.225
3 0.921875 0.3625 0.05625 0.225
3 0.028125 0.6125 0.05625 0.225
3 0.1 0.6125 0.05625 0.225
3 0.171875 0.6125 0.05625 0.225
3 0.24375 0.6125 0.05625 0.225
3 0.315625 0.6125 0.05625 0.225
3 0.3875 0.6125 0.05625 0.225
3 0.459375 0.6125 0.05625 0.225
3 0.53125 0.6125 0.05625 0.225
3 0.603125 0.6125 0.05625 0.225
3 0.675 0.6125 0.05625 0.225
3 0.746875 0.6125 0.05625 0.225
3 0.81875 0.6125 0.05625 0.225
