1 0.01875 0.11041666666666666 0.0375 0.22083333333333333
1 0.071875 0.11041666666666666 0.0375 0.22083333333333333
1 0.125 0.11041666666666666 0.0375 0.22083333333333333
1 0.178125 0.11041666666666666 0.0375 0.22083333333333333
6 0.24375 0.10208333333333333 0.0625 0.20416666666666666
6 0.321875 0.10208333333333333 0.0625 0.20416666666666666
6 0.4 0.10208333333333333 0.0625 0.20416666666666666
6 0.478125 0.10208333333333333 0.0625 0.20416666666666666
6 0.55625 0.10208333333333333 0.0625 0.20416666666666666
6 0.634375 0.10208333333333333 0.0625 0.20416666666666666
6 0.7125 0.10208333333333333 0.0625 0.20416666666666666
6 0.790625 0.10208333333333333 0.0625 0.20416666666666666
6 0.86875 0.10208333333333333 0.0625 0.20416666666666666
6 0.946875 0.10208333333333333 0.0625 0.20416666666666666
6 0.03125 0.35208333333333336 0.0625 0.20416666666666666
6 0.109375 0.35208333333333336 0.0625 0.20416666666666666
6 0.1875 0.35208333333333336 0.0625 0.20416666666666666
6 0.265625 0.35208333333333336 0.0625 0.20416666666666666
6 0.34375 0.35208333333333336 0.0625 0.20416666666666666
