1 0.01875 0.11041666666666666 0.0375 0.22083333333333333
1 0.071875 0.11041666666666666 0.0375 0.22083333333333333
1 0.125 0.11041666666666666 0.0375 0.22083333333333333
1 0.178125 0.11041666666666666 0.0375 0.22083333333333333
1 0.2296875 0.11458333333333333 0.034375 0.22916666666666666
1 0.2796875 0.11458333333333333 0.034375 0.22916666666666666
1 0.3296875 0.11458333333333333 0.034375 0.22916666666666666
1 0.3796875 0.11458333333333333 0.034375 0.22916666666666666
9 0.4453125 0.11458333333333333 0.065625 0.22916666666666666
9 0.5265625 0.11458333333333333 0.065625 0.22916666666666666
9 0.6078125 0.11458333333333333 0.065625 0.22916666666666666
9 0.6890625 0.11458333333333333 0.065625 0.22916666666666666
9 0.7703125 0.11458333333333333 0.065625 0.22916666666666666
9 0.8515625 0.11458333333333333 0.065625 0.22916666666666666
9 0.9328125 0.11458333333333333 0.065625 0.22916666666666666
9 0.0328125 0.3645833333333333 0.065625 0.22916666666666666
9 0.1140625 0.3645833333333333 0.065625 0.22916666666666666
9 0.1953125 0.3645833333333333 0.065625 0.22916666666666666
9 0.2765625 0.3645833333333333 0.065625 0.22916666666666666
9 0.3578125 0.3645833333333333 0.065625 0.22916666666666666
9 0.4390625 0.3645833333333333 0.065625 0.22916666666666666
9 0.5203125 0.3645833333333333 0.065625 0.22916666666666666
9 0.6015625 0.3645833333333333 0.065625 0.22916666666666666
9 0.6828125 0.3645833333333333 0.065625 0.22916666666666666
9 0.7640625 0.3645833333333333 0.065625 0.22916666666666666
9 0.8453125 0.3645833333333333 0.065625 0.22916666666666666
9 0.9265625 0.3645833333333333 0.065625 0.22916666666666666
9 0.0328125 0.6145833333333334 0.065625 0.22916666666666666
