1 0.0203125 0.10833333333333334 0.040625 0.21666666666666667
1 0.0765625 0.10833333333333334 0.040625 0.21666666666666667
1 0.1328125 0.10833333333333334 0.040625 0.21666666666666667
1 0.1890625 0.10833333333333334 0.040625 0.21666666666666667
8 0.253125 0.1125 0.05625 0.225
8 0.325 0.1125 0.05625 0.225
8 0.396875 0.1125 0.05625 0.225
8 0.46875 0.1125 0.05625 0.225
8 0.540625 0.1125 0.05625 0.225
8 0.6125 0.1125 0.05625 0.225
8 0.684375 0.1125 0.05625 0.225
8 0.75625 0.1125 0.05625 0.225
8 0.828125 0.1125 0.05625 0.225
8 0.9 0.1125 0.05625 0.225
8 0.028125 0.3625 0.05625 0.225
8 0.1 0.3625 0.05625 0.225
8 0.171875 0.3625 0.05625 0.225
8 0.24375 0.3625 0.05625 0.225
8 0.315625 0.3625 0.05625 0.225
8 0.3875 0.3625 0.05625 0.225
8 0.459375 0.3625 0.05625 0.225
8 0.53125 0.3625 0.05625 0.225
8 0.603125 0.3625 0.05625 0.225
8 0.675 0.3625 0.05625 0.225
8 0.746875 0.3625 0.05625 0.225
8 0.81875 0.3625 0.05625 0.225
8 0.890625 0.3625 0.05625 0.225
1 0.953125 0.35833333333333334 0.0375 0.21666666666666667
1 0.01875 0.6083333333333333 0.0375 0.21666666666666667
1 0.071875 0.6083333333333333 0.0375 0.21666666666666667
1 0.125 0.6083333333333333 0.0375 0.21666666666666667
