1 0.0171875 0.11041666666666666 0.034375 0.22083333333333333
1 0.0671875 0.11041666666666666 0.034375 0.22083333333333333
1 0.1171875 0.11041666666666666 0.034375 0.22083333333333333
1 0.1671875 0.11041666666666666 0.034375 0.22083333333333333
6 0.2296875 0.11041666666666666 0.059375 0.22083333333333333
6 0.3046875 0.11041666666666666 0.059375 0.22083333333333333
6 0.3796875 0.11041666666666666 0.059375 0.22083333333333333
6 0.4546875 0.11041666666666666 0.059375 0.22083333333333333
6 0.5296875 0.11041666666666666 0.059375 0.22083333333333333
6 0.6046875 0.11041666666666666 0.059375 0.22083333333333333
6 0.6796875 0.11041666666666666 0.059375 0.22083333333333333
6 0.7546875 0.11041666666666666 0.059375 0.22083333333333333
6 0.8296875 0.11041666666666666 0.059375 0.22083333333333333
6 0.9046875 0.11041666666666666 0.059375 0.22083333333333333
6 0.0296875 0.36041666666666666 0.059375 0.22083333333333333
6 0.1046875 0.36041666666666666 0.059375 0.22083333333333333
6 0.1796875 0.36041666666666666 0.059375 0.22083333333333333
6 0.2546875 0.36041666666666666 0.059375 0.22083333333333333
6 0.3296875 0.36041666666666666 0.059375 0.22083333333333333
4 0.4015625 0.36041666666666666 0.053125 0.22083333333333333
4 0.4703125 0.36041666666666666 0.053125 0.22083333333333333
4 0.5390625 0.36041666666666666 0.053125 0.22083333333333333
4 0.6078125 0.36041666666666666 0.053125 0.22083333333333333
4 0.6765625 0.36041666666666666 0.053125 0.22083333333333333
4 0.7453125 0.36041666666666666 0.053125 0.22083333333333333
4 0.8140625 0.36041666666666666 0.053125 0.22083333333333333
4 0.8828125 0.36041666666666666 0.053125 0.22083333333333333
4 0.9515625 0.36041666666666666 0.053125 0.22083333333333333
4 0.0265625 0.6104166666666667 0.053125 0.22083333333333333
4 0.0953125 0.6104166666666667 0.053125 0.22083333333333333
4 0.1640625 0.6104166666666667 0.053125 0.22083333333333333
4 0.2328125 0.6104166666666667 0.053125 0.22083333333333333
4 0.3015625 0.6104166666666667 0.053125 0.22083333333333333
4 0.3703125 0.6104166666666667 0.053125 0.22083333333333333
4 0.4390625 0.6104166666666667 0.053125 0.22083333333333333
4 0.5078125 0.6104166666666667 0.053125 0.22083333333333333
4 0.5765625 0.6104166666666667 0.053125 0.22083333333333333
4 0.6453125 0.6104166666666667 0.053125 0.22083333333333333
4 0.7140625 0.6104166666666667 0.053125 0.22083333333333333
4 0.7828125 0.6104166666666667 0.053125 0.22083333333333333
4 0.8515625 0.6104166666666667 0.053125 0.22083333333333333
4 0.9203125 0.6104166666666667 0.053125 0.22083333333333333
4 0.0265625 0.8604166666666667 0.053125 0.22083333333333333
4 0.0953125 0.8604166666666667 0.053125 0.22083333333333333
