1 0.0203125 0.10833333333333334 0.040625 0.21666666666666667
1 0.0765625 0.10833333333333334 0.040625 0.21666666666666667
1 0.1328125 0.10833333333333334 0.040625 0.21666666666666667
1 0.1890625 0.10833333333333334 0.040625 0.21666666666666667
4 0.2578125 0.1125 0.065625 0.225
4 0.3390625 0.1125 0.065625 0.225
4 0.4203125 0.1125 0.065625 0.225
4 0.5015625 0.1125 0.065625 0.225
4 0.5828125 0.1125 0.065625 0.225
4 0.6640625 0.1125 0.065625 0.225
4 0.7453125 0.1125 0.065625 0.225
4 0.8265625 0.1125 0.065625 0.225
4 0.9078125 0.1125 0.065625 0.225
4 0.0328125 0.3625 0.065625 0.225
4 0.1140625 0.3625 0.065625 0.225
4 0.1953125 0.3625 0.065625 0.225
4 0.2765625 0.3625 0.065625 0.225
4 0.3578125 0.3625 0.065625 0.225
4 0.4390625 0.3625 0.065625 0.225
4 0.5203125 0.3625 0.065625 0.225
4 0.6015625 0.3625 0.065625 0.225
4 0.6828125 0.3625 0.065625 0.225
4 0.7640625 0.3625 0.065625 0.225
4 0.8453125 0.3625 0.065625 0.225
4 0.9265625 0.3625 0.065625 0.225
4 0.0328125 0.6125 0.065625 0.225
4 0.1140625 0.6125 0.065625 0.225
4 0.1953125 0.6125 0.065625 0.225
4 0.2765625 0.6125 0.065625 0.225
2 0.3578125 0.61875 0.065625 0.2375
2 0.4390625 0.61875 0.065625 0.2375
2 0.5203125 0.61875 0.065625 0.2375
2 0.6015625 0.61875 0.065625 0.2375
2 0.6828125 0.61875 0.065625 0.2375
2 0.7640625 0.61875 0.065625 0.2375
2 0.8453125 0.61875 0.065625 0.2375
2 0.9265625 0.61875 0.065625 0.2375
2 0.0328125 0.86875 0.065625 0.2375
2 0.1140625 0.86875 0.065625 0.2375
2 0.1953125 0.86875 0.065625 0.2375
2 0.2765625 0.86875 0.065625 0.2375
