1 0.01875 0.11041666666666666 0.0375 0.22083333333333333
1 0.071875 0.11041666666666666 0.0375 0.22083333333333333
1 0.125 0.11041666666666666 0.0375 0.22083333333333333
1 0.178125 0.11041666666666666 0.0375 0.22083333333333333
2 0.24375 0.11458333333333333 0.0625 0.22916666666666666
2 0.321875 0.11458333333333333 0.0625 0.22916666666666666
2 0.4 0.11458333333333333 0.0625 0.22916666666666666
2 0.478125 0.11458333333333333 0.0625 0.22916666666666666
2 0.55625 0.11458333333333333 0.0625 0.22916666666666666
2 0.634375 0.11458333333333333 0.0625 0.22916666666666666
2 0.7125 0.11458333333333333 0.0625 0.22916666666666666
2 0.790625 0.11458333333333333 0.0625 0.22916666666666666
2 0.86875 0.11458333333333333 0.0625 0.22916666666666666
2 0.946875 0.11458333333333333 0.0625 0.22916666666666666
2 0.03125 0.3645833333333333 0.0625 0.22916666666666666
2 0.109375 0.3645833333333333 0.0625 0.22916666666666666
4 0.1890625 0.3645833333333333 0.065625 0.22916666666666666
4 0.2703125 0.3645833333333333 0.065625 0.22916666666666666
4 0.3515625 0.3645833333333333 0.065625 0.22916666666666666
4 0.4328125 0.3645833333333333 0.065625 0.22916666666666666
4 0.5140625 0.3645833333333333 0.065625 0.22916666666666666
4 0.5953125 0.3645833333333333 0.065625 0.22916666666666666
4 0.6765625 0.3645833333333333 0.065625 0.22916666666666666
4 0.7578125 0.3645833333333333 0.065625 0.22916666666666666
4 0.8390625 0.3645833333333333 0.065625 0.22916666666666666
4 0.9203125 0.3645833333333333 0.065625 0.22916666666666666
4 0.0328125 0.6145833333333334 0.065625 0.22916666666666666
4 0.1140625 0.6145833333333334 0.065625 0.22916666666666666
4 0.1953125 0.6145833333333334 0.065625 0.22916666666666666
4 0.2765625 0.6145833333333334 0.065625 0.22916666666666666
4 0.3578125 0.6145833333333334 0.065625 0.22916666666666666
4 0.4390625 0.6145833333333334 0.065625 0.22916666666666666
4 0.5203125 0.6145833333333334 0.065625 0.22916666666666666
4 0.6015625 0.6145833333333334 0.065625 0.22916666666666666
4 0.6828125 0.6145833333333334 0.065625 0.22916666666666666
4 0.7640625 0.6145833333333334 0.065625 0.22916666666666666
4 0.8453125 0.6145833333333334 0.065625 0.22916666666666666
4 0.9265625 0.6145833333333334 0.065625 0.22916666666666666
4 0.0328125 0.8645833333333334 0.065625 0.22916666666666666
4 0.1140625 0.8645833333333334 0.065625 0.22916666666666666
4 0.1953125 0.8645833333333334 0.065625 0.22916666666666666
2 0.275 0.8604166666666667 0.0625 0.22083333333333333
2 0.353125 0.8604166666666667 0.0625 0.22083333333333333
2 0.43125 0.8604166666666667 0.0625 0.22083333333333333
2 0.509375 0.8604166666666667 0.0625 0.22083333333333333
2 0.5875 0.8604166666666667 0.0625 0.22083333333333333
2 0.665625 0.8604166666666667 0.0625 0.22083333333333333
2 0.74375 0.8604166666666667 0.0625 0.22083333333333333
2 0.821875 0.8604166666666667 0.0625 0.22083333333333333
2 0.9 0.8604166666666667 0.0625 0.22083333333333333
