4 0.0296875 0.11458333333333333 0.059375 0.22916666666666666
4 0.1046875 0.11458333333333333 0.059375 0.22916666666666666
4 0.1796875 0.11458333333333333 0.059375 0.22916666666666666
4 0.2546875 0.11458333333333333 0.059375 0.22916666666666666
4 0.3296875 0.11458333333333333 0.059375 0.22916666666666666
4 0.4046875 0.11458333333333333 0.059375 0.22916666666666666
4 0.4796875 0.11458333333333333 0.059375 0.22916666666666666
4 0.5546875 0.11458333333333333 0.059375 0.22916666666666666
4 0.6296875 0.11458333333333333 0.059375 0.22916666666666666
4 0.7046875 0.11458333333333333 0.059375 0.22916666666666666
4 0.7796875 0.11458333333333333 0.059375 0.22916666666666666
4 0.8546875 0.11458333333333333 0.059375 0.22916666666666666
4 0.9296875 0.11458333333333333 0.059375 0.22916666666666666
4 0.0296875 0.3645833333333333 0.059375 0.22916666666666666
4 0.1046875 0.3645833333333333 0.059375 0.22916666666666666
4 0.1796875 0.3645833333333333 0.059375 0.22916666666666666
4 0.2546875 0.3645833333333333 0.059375 0.22916666666666666
4 0.3296875 0.3645833333333333 0.059375 0.22916666666666666
4 0.4046875 0.3645833333333333 0.059375 0.22916666666666666
4 0.4796875 0.3645833333333333 0.059375 0.22916666666666666
4 0.5546875 0.3645833333333333 0.059375 0.22916666666666666
4 0.6296875 0.3645833333333333 0.059375 0.22916666666666666
4 0.7046875 0.3645833333333333 0.059375 0.22916666666666666
4 0.7796875 0.3645833333333333 0.059375 0.22916666666666666
4 0.8546875 0.3645833333333333 0.059375 0.22916666666666666
4 0.928125 0.35833333333333334 0.05625 0.21666666666666667
4 0.028125 0.6083333333333333 0.05625 0.21666666666666667
4 0.1 0.6083333333333333 0.05625 0.21666666666666667
4 0.171875 0.6083333333333333 0.05625 0.21666666666666667
4 0.24375 0.6083333333333333 0.05625 0.21666666666666667
4 0.315625 0.6083333333333333 0.05625 0.21666666666666667
4 0.3875 0.6083333333333333 0.05625 0.21666666666666667
4 0.459375 0.6083333333333333 0.05625 0.21666666666666667
4 0.53125 0.6083333333333333 0.05625 0.21666666666666667
4 0.603125 0.6083333333333333 0.05625 0.21666666666666667
4 0.675 0.6083333333333333 0.05625 0.21666666666666667
4 0.746875 0.6083333333333333 0.05625 0.21666666666666667
4 0.81875 0.6083333333333333 0.05625 0.21666666666666667
4 0.890625 0.6083333333333333 0.05625 0.21666666666666667
4 0.9625 0.6083333333333333 0.05625 0.21666666666666667
4 0.028125 0.8583333333333333 0.05625 0.21666666666666667
4 0.1 0.8583333333333333 0.05625 0.21666666666666667
4 0.171875 0.8583333333333333 0.05625 0.21666666666666667
4 0.24375 0.8583333333333333 0.05625 0.21666666666666667
4 0.315625 0.8583333333333333 0.05625 0.21666666666666667
4 0.3875 0.8583333333333333 0.05625 0.21666666666666667
4 0.459375 0.8583333333333333 0.05625 0.21666666666666667
4 0.53125 0.8583333333333333 0.05625 0.21666666666666667
4 0.603125 0.8583333333333333 0.05625 0.21666666666666667
4 0.675 0.8583333333333333 0.05625 0.21666666666666667
