1 0.0203125 0.1125 0.040625 0.225
1 0.0765625 0.1125 0.040625 0.225
1 0.1328125 0.1125 0.040625 0.225
1 0.1890625 0.1125 0.040625 0.225
2 0.2578125 0.1125 0.065625 0.225
2 0.3390625 0.1125 0.065625 0.225
2 0.4203125 0.1125 0.065625 0.225
2 0.5015625 0.1125 0.065625 0.225
2 0.5828125 0.1125 0.065625 0.225
2 0.6640625 0.1125 0.065625 0.225
2 0.7453125 0.1125 0.065625 0.225
2 0.8265625 0.1125 0.065625 0.225
2 0.9078125 0.1125 0.065625 0.225
2 0.0328125 0.3625 0.065625 0.225
2 0.1140625 0.3625 0.065625 0.225
2 0.1953125 0.3625 0.065625 0.225
2 0.275 0.35625 0.0625 0.2125
2 0.353125 0.35625 0.0625 0.2125
2 0.43125 0.35625 0.0625 0.2125
2 0.509375 0.35625 0.0625 0.2125
2 0.5875 0.35625 0.0625 0.2125
2 0.665625 0.35625 0.0625 0.2125
2 0.74375 0.35625 0.0625 0.2125
2 0.821875 0.35625 0.0625 0.2125
2 0.9 0.35625 0.0625 0.2125
2 0.03125 0.60625 0.0625 0.2125
2 0.109375 0.60625 0.0625 0.2125
2 0.1875 0.60625 0.0625 0.2125
