1 0.0171875 0.1125 0.034375 0.225
1 0.0671875 0.1125 0.034375 0.225
1 0.1171875 0.1125 0.034375 0.225
1 0.1671875 0.1125 0.034375 0.225
2 0.23125 0.11041666666666666 0.0625 0.22083333333333333
2 0.309375 0.11041666666666666 0.0625 0.22083333333333333
2 0.3875 0.11041666666666666 0.0625 0.22083333333333333
2 0.465625 0.11041666666666666 0.0625 0.22083333333333333
2 0.54375 0.11041666666666666 0.0625 0.22083333333333333
2 0.621875 0.11041666666666666 0.0625 0.22083333333333333
2 0.7 0.11041666666666666 0.0625 0.22083333333333333
2 0.778125 0.11041666666666666 0.0625 0.22083333333333333
2 0.85625 0.11041666666666666 0.0625 0.22083333333333333
2 0.934375 0.11041666666666666 0.0625 0.22083333333333333
2 0.03125 0.36041666666666666 0.0625 0.22083333333333333
2 0.109375 0.36041666666666666 0.0625 0.22083333333333333
9 0.1890625 0.35833333333333334 0.065625 0.21666666666666667
9 0.2703125 0.35833333333333334 0.065625 0.21666666666666667
9 0.3515625 0.35833333333333334 0.065625 0.21666666666666667
9 0.4328125 0.35833333333333334 0.065625 0.21666666666666667
9 0.5140625 0.35833333333333334 0.065625 0.21666666666666667
9 0.5953125 0.35833333333333334 0.065625 0.21666666666666667
9 0.6765625 0.35833333333333334 0.065625 0.21666666666666667
9 0.7578125 0.35833333333333334 0.065625 0.21666666666666667
9 0.8390625 0.35833333333333334 0.065625 0.21666666666666667
9 0.9203125 0.35833333333333334 0.065625 0.21666666666666667
9 0.0328125 0.6083333333333333 0.065625 0.21666666666666667
9 0.1140625 0.6083333333333333 0.065625 0.21666666666666667
9 0.1953125 0.6083333333333333 0.065625 0.21666666666666667
9 0.2765625 0.6083333333333333 0.065625 0.21666666666666667
9 0.3578125 0.6083333333333333 0.065625 0.21666666666666667
9 0.4390625 0.6083333333333333 0.065625 0.21666666666666667
9 0.5203125 0.6083333333333333 0.065625 0.21666666666666667
9 0.6015625 0.6083333333333333 0.065625 0.21666666666666667
9 0.6828125 0.6083333333333333 0.065625 0.21666666666666667
9 0.7640625 0.6083333333333333 0.065625 0.21666666666666667
