4 0.0296875 0.11041666666666666 0.059375 0.22083333333333333
4 0.1046875 0.11041666666666666 0.059375 0.22083333333333333
4 0.1796875 0.11041666666666666 0.059375 0.22083333333333333
4 0.2546875 0.11041666666666666 0.059375 0.22083333333333333
4 0.3296875 0.11041666666666666 0.059375 0.22083333333333333
4 0.4046875 0.11041666666666666 0.059375 0.22083333333333333
4 0.4796875 0.11041666666666666 0.059375 0.22083333333333333
4 0.5546875 0.11041666666666666 0.059375 0.22083333333333333
4 0.6296875 0.11041666666666666 0.059375 0.22083333333333333
4 0.7046875 0.11041666666666666 0.059375 0.22083333333333333
4 0.7796875 0.11041666666666666 0.059375 0.22083333333333333
4 0.8546875 0.11041666666666666 0.059375 0.22083333333333333
4 0.9296875 0.11041666666666666 0.059375 0.22083333333333333
4 0.0296875 0.36041666666666666 0.059375 0.22083333333333333
4 0.1046875 0.36041666666666666 0.059375 0.22083333333333333
4 0.1796875 0.36041666666666666 0.059375 0.22083333333333333
4 0.2546875 0.36041666666666666 0.059375 0.22083333333333333
4 0.3296875 0.36041666666666666 0.059375 0.22083333333333333
4 0.4046875 0.36041666666666666 0.059375 0.22083333333333333
4 0.4796875 0.36041666666666666 0.059375 0.22083333333333333
4 0.5546875 0.36041666666666666 0.059375 0.22083333333333333
4 0.6296875 0.36041666666666666 0.059375 0.22083333333333333
4 0.7046875 0.36041666666666666 0.059375 0.22083333333333333
4 0.7796875 0.36041666666666666 0.059375 0.22083333333333333
4 0.8546875 0.36041666666666666 0.059375 0.22083333333333333
4 0.9296875 0.36041666666666666 0.059375 0.22083333333333333
4 0.0296875 0.6104166666666667 0.059375 0.22083333333333333
4 0.1046875 0.6104166666666667 0.059375 0.22083333333333333
4 0.1796875 0.6104166666666667 0.059375 0.22083333333333333
4 0.2546875 0.6104166666666667 0.059375 0.22083333333333333
4 0.3296875 0.6104166666666667 0.059375 0.22083333333333333
4 0.4046875 0.6104166666666667 0.059375 0.22083333333333333
4 0.4796875 0.6104166666666667 0.059375 0.22083333333333333
4 0.5546875 0.6104166666666667 0.059375 0.22083333333333333
4 0.6296875 0.6104166666666667 0.059375 0.22083333333333333
4 0.7046875 0.6104166666666667 0.059375 0.22083333333333333
4 0.7796875 0.6104166666666667 0.059375 0.22083333333333333
4 0.8546875 0.6104166666666667 0.059375 0.22083333333333333
4 0.9296875 0.6104166666666667 0.059375 0.22083333333333333
4 0.0296875 0.8604166666666667 0.059375 0.22083333333333333
4 0.1046875 0.8604166666666667 0.059375 0.22083333333333333
4 0.1796875 0.8604166666666667 0.059375 0.22083333333333333
4 0.2546875 0.8604166666666667 0.059375 0.22083333333333333
4 0.3296875 0.8604166666666667 0.059375 0.22083333333333333
4 0.4046875 0.8604166666666667 0.059375 0.22083333333333333
4 0.4796875 0.8604166666666667 0.059375 0.22083333333333333
4 0.5546875 0.8604166666666667 0.059375 0.22083333333333333
4 0.6296875 0.8604166666666667 0.059375 0.22083333333333333
4 0.7046875 0.8604166666666667 0.059375 0.22083333333333333
4 0.7796875 0.8604166666666667 0.059375 0.22083333333333333
6 0.8546875 0.8583333333333333 0.059375 0.21666666666666667
6 0.9296875 0.8583333333333333 0.059375 0.21666666666666667
