1 0.0171875 0.11041666666666666 0.034375 0.22083333333333333
1 0.0671875 0.11041666666666666 0.034375 0.22083333333333333
1 0.1171875 0.11041666666666666 0.034375 0.22083333333333333
1 0.1671875 0.11041666666666666 0.034375 0.22083333333333333
6 0.2265625 0.1125 0.053125 0.225
6 0.2953125 0.1125 0.053125 0.225
6 0.3640625 0.1125 0.053125 0.225
6 0.4328125 0.1125 0.053125 0.225
6 0.5015625 0.1125 0.053125 0.225
6 0.5703125 0.1125 0.053125 0.225
6 0.6390625 0.1125 0.053125 0.225
6 0.7078125 0.1125 0.053125 0.225
6 0.7765625 0.1125 0.053125 0.225
6 0.8453125 0.1125 0.053125 0.225
6 0.9140625 0.1125 0.053125 0.225
6 0.0265625 0.3625 0.053125 0.225
6 0.0953125 0.3625 0.053125 0.225
6 0.1640625 0.3625 0.053125 0.225
6 0.2328125 0.3625 0.053125 0.225
8 0.303125 0.35625 0.05625 0.2125
8 0.375 0.35625 0.05625 0.2125
8 0.446875 0.35625 0.05625 0.2125
8 0.51875 0.35625 0.05625 0.2125
8 0.590625 0.35625 0.05625 0.2125
8 0.6625 0.35625 0.05625 0.2125
8 0.734375 0.35625 0.05625 0.2125
8 0.80625 0.35625 0.05625 0.2125
8 0.878125 0.35625 0.05625 0.2125
8 0.95 0.35625 0.05625 0.2125
8 0.028125 0.60625 0.05625 0.2125
8 0.1 0.60625 0.05625 0.2125
8 0.171875 0.60625 0.05625 0.2125
8 0.24375 0.60625 0.05625 0.2125
8 0.315625 0.60625 0.05625 0.2125
8 0.3875 0.60625 0.05625 0.2125
8 0.459375 0.60625 0.05625 0.2125
8 0.53125 0.60625 0.05625 0.2125
8 0.603125 0.60625 0.05625 0.2125
8 0.675 0.60625 0.05625 0.2125
8 0.746875 0.60625 0.05625 0.2125
8 0.81875 0.60625 0.05625 0.2125
8 0.890625 0.60625 0.05625 0.2125
