4 0.0296875 0.1125 0.059375 0.225
4 0.1046875 0.1125 0.059375 0.225
4 0.1796875 0.1125 0.059375 0.225
4 0.2546875 0.1125 0.059375 0.225
4 0.3296875 0.1125 0.059375 0.225
4 0.4046875 0.1125 0.059375 0.225
4 0.4796875 0.1125 0.059375 0.225
4 0.5546875 0.1125 0.059375 0.225
4 0.6296875 0.1125 0.059375 0.225
4 0.7046875 0.1125 0.059375 0.225
4 0.7796875 0.1125 0.059375 0.225
4 0.8546875 0.1125 0.059375 0.225
4 0.9296875 0.1125 0.059375 0.225
4 0.0296875 0.3625 0.059375 0.225
4 0.1046875 0.3625 0.059375 0.225
4 0.1796875 0.3625 0.059375 0.225
4 0.2546875 0.3625 0.059375 0.225
4 0.3296875 0.3625 0.059375 0.225
4 0.4046875 0.3625 0.059375 0.225
4 0.4796875 0.3625 0.059375 0.225
4 0.5546875 0.3625 0.059375 0.225
4 0.6296875 0.3625 0.059375 0.225
4 0.7046875 0.3625 0.059375 0.225
4 0.7796875 0.3625 0.059375 0.225
4 0.8546875 0.3625 0.059375 0.225
7 0.93125 0.35833333333333334 0.0625 0.21666666666666667
7 0.03125 0.6083333333333333 0.0625 0.21666666666666667
7 0.109375 0.6083333333333333 0.0625 0.21666666666666667
7 0.1875 0.6083333333333333 0.0625 0.21666666666666667
7 0.265625 0.6083333333333333 0.0625 0.21666666666666667
7 0.34375 0.6083333333333333 0.0625 0.21666666666666667
7 0.421875 0.6083333333333333 0.0625 0.21666666666666667
7 0.5 0.6083333333333333 0.0625 0.21666666666666667
7 0.578125 0.6083333333333333 0.0625 0.21666666666666667
7 0.65625 0.6083333333333333 0.0625 0.21666666666666667
7 0.734375 0.6083333333333333 0.0625 0.21666666666666667
7 0.8125 0.6083333333333333 0.0625 0.21666666666666667
7 0.890625 0.6083333333333333 0.0625 0.21666666666666667
7 0.03125 0.8583333333333333 0.0625 0.21666666666666667
7 0.109375 0.8583333333333333 0.0625 0.21666666666666667
7 0.1875 0.8583333333333333 0.0625 0.21666666666666667
7 0.265625 0.8583333333333333 0.0625 0.21666666666666667
7 0.34375 0.8583333333333333 0.0625 0.21666666666666667
7 0.421875 0.8583333333333333 0.0625 0.21666666666666667
7 0.5 0.8583333333333333 0.0625 0.21666666666666667
5 0.575 0.8604166666666667 0.05625 0.22083333333333333
5 0.646875 0.8604166666666667 0.05625 0.22083333333333333
5 0.71875 0.8604166666666667 0.05625 0.22083333333333333
5 0.790625 0.8604166666666667 0.05625 0.22083333333333333
5 0.8625 0.8604166666666667 0.05625 0.22083333333333333
5 0.934375 0.8604166666666667 0.05625 0.22083333333333333
