1 0.0171875 0.1125 0.034375 0.225
1 0.0671875 0.1125 0.034375 0.225
1 0.1171875 0.1125 0.034375 0.225
1 0.1671875 0.1125 0.034375 0.225
5 0.228125 0.11041666666666666 0.05625 0.22083333333333333
5 0.3 0.11041666666666666 0.05625 0.22083333333333333
5 0.371875 0.11041666666666666 0.05625 0.22083333333333333
5 0.44375 0.11041666666666666 0.05625 0.22083333333333333
5 0.515625 0.11041666666666666 0.05625 0.22083333333333333
5 0.5875 0.11041666666666666 0.05625 0.22083333333333333
5 0.659375 0.11041666666666666 0.05625 0.22083333333333333
5 0.73125 0.11041666666666666 0.05625 0.22083333333333333
5 0.803125 0.11041666666666666 0.05625 0.22083333333333333
5 0.875 0.11041666666666666 0.05625 0.22083333333333333
5 0.946875 0.11041666666666666 0.05625 0.22083333333333333
5 0.028125 0.36041666666666666 0.05625 0.22083333333333333
5 0.1 0.36041666666666666 0.05625 0.22083333333333333
5 0.171875 0.36041666666666666 0.05625 0.22083333333333333
5 0.24375 0.36041666666666666 0.05625 0.22083333333333333
5 0.315625 0.36041666666666666 0.05625 0.22083333333333333
5 0.3875 0.36041666666666666 0.05625 0.22083333333333333
5 0.459375 0.36041666666666666 0.05625 0.22083333333333333
5 0.53125 0.36041666666666666 0.05625 0.22083333333333333
5 0.603125 0.36041666666666666 0.05625 0.22083333333333333
8 0.6765625 0.36041666666666666 0.059375 0.22083333333333333
8 0.7515625 0.36041666666666666 0.059375 0.22083333333333333
8 0.8265625 0.36041666666666666 0.059375 0.22083333333333333
8 0.9015625 0.36041666666666666 0.059375 0.22083333333333333
8 0.0296875 0.6104166666666667 0.059375 0.22083333333333333
8 0.1046875 0.6104166666666667 0.059375 0.22083333333333333
8 0.1796875 0.6104166666666667 0.059375 0.22083333333333333
8 0.2546875 0.6104166666666667 0.059375 0.22083333333333333
8 0.3296875 0.6104166666666667 0.059375 0.22083333333333333
8 0.4046875 0.6104166666666667 0.059375 0.22083333333333333
8 0.4796875 0.6104166666666667 0.059375 0.22083333333333333
8 0.5546875 0.6104166666666667 0.059375 0.22083333333333333
8 0.6296875 0.6104166666666667 0.059375 0.22083333333333333
8 0.7046875 0.6104166666666667 0.059375 0.22083333333333333
8 0.7796875 0.6104166666666667 0.059375 0.22083333333333333
8 0.8546875 0.6104166666666667 0.059375 0.22083333333333333
8 0.9296875 0.6104166666666667 0.059375 0.22083333333333333
8 0.0296875 0.8604166666666667 0.059375 0.22083333333333333
8 0.1046875 0.8604166666666667 0.059375 0.22083333333333333
8 0.1796875 0.8604166666666667 0.059375 0.22083333333333333
8 0.2546875 0.8604166666666667 0.059375 0.22083333333333333
8 0.3296875 0.8604166666666667 0.059375 0.22083333333333333
8 0.4046875 0.8604166666666667 0.059375 0.22083333333333333
