9 0.0265625 0.10833333333333334 0.053125 0.21666666666666667
9 0.0953125 0.10833333333333334 0.053125 0.21666666666666667
9 0.1640625 0.10833333333333334 0.053125 0.21666666666666667
9 0.2328125 0.10833333333333334 0.053125 0.21666666666666667
9 0.3015625 0.10833333333333334 0.053125 0.21666666666666667
9 0.3703125 0.10833333333333334 0.053125 0.21666666666666667
9 0.4390625 0.10833333333333334 0.053125 0.21666666666666667
9 0.5078125 0.10833333333333334 0.053125 0.21666666666666667
9 0.5765625 0.10833333333333334 0.053125 0.21666666666666667
9 0.6453125 0.10833333333333334 0.053125 0.21666666666666667
9 0.7140625 0.10833333333333334 0.053125 0.21666666666666667
9 0.7828125 0.10833333333333334 0.053125 0.21666666666666667
9 0.8515625 0.10833333333333334 0.053125 0.21666666666666667
9 0.9203125 0.10833333333333334 0.053125 0.21666666666666667
9 0.0265625 0.35833333333333334 0.053125 0.21666666666666667
9 0.0953125 0.35833333333333334 0.053125 0.21666666666666667
9 0.1640625 0.35833333333333334 0.053125 0.21666666666666667
9 0.2328125 0.35833333333333334 0.053125 0.21666666666666667
9 0.3015625 0.35833333333333334 0.053125 0.21666666666666667
9 0.3703125 0.35833333333333334 0.053125 0.21666666666666667
7 0.44375 0.3645833333333333 0.0625 0.22916666666666666
7 0.521875 0.3645833333333333 0.0625 0.22916666666666666
7 0.6 0.3645833333333333 0.0625 0.22916666666666666
7 0.678125 0.3645833333333333 0.0625 0.22916666666666666
7 0.75625 0.3645833333333333 0.0625 0.22916666666666666
7 0.834375 0.3645833333333333 0.0625 0.22916666666666666
7 0.9125 0.3645833333333333 0.0625 0.22916666666666666
7 0.03125 0.6145833333333334 0.0625 0.22916666666666666
7 0.109375 0.6145833333333334 0.0625 0.22916666666666666
7 0.1875 0.6145833333333334 0.0625 0.22916666666666666
7 0.265625 0.6145833333333334 0.0625 0.22916666666666666
7 0.34375 0.6145833333333334 0.0625 0.22916666666666666
7 0.421875 0.6145833333333334 0.0625 0.22916666666666666
7 0.5 0.6145833333333334 0.0625 0.22916666666666666
7 0.578125 0.6145833333333334 0.0625 0.22916666666666666
7 0.65625 0.6145833333333334 0.0625 0.22916666666666666
7 0.734375 0.6145833333333334 0.0625 0.22916666666666666
7 0.8125 0.6145833333333334 0.0625 0.22916666666666666
7 0.890625 0.6145833333333334 0.0625 0.22916666666666666
7 0.03125 0.8645833333333334 0.0625 0.22916666666666666
9 0.109375 0.8604166666666667 0.0625 0.22083333333333333
9 0.1875 0.8604166666666667 0.0625 0.22083333333333333
9 0.265625 0.8604166666666667 0.0625 0.22083333333333333
9 0.34375 0.8604166666666667 0.0625 0.22083333333333333
9 0.421875 0.8604166666666667 0.0625 0.22083333333333333
9 0.5 0.8604166666666667 0.0625 0.22083333333333333
9 0.578125 0.8604166666666667 0.0625 0.22083333333333333
9 0.65625 0.8604166666666667 0.0625 0.22083333333333333
9 0.734375 0.8604166666666667 0.0625 0.22083333333333333
9 0.8125 0.8604166666666667 0.0625 0.22083333333333333
9 0.890625 0.8604166666666667 0.0625 0.22083333333333333
