1 0.0171875 0.11041666666666666 0.034375 0.22083333333333333
1 0.0671875 0.11041666666666666 0.034375 0.22083333333333333
1 0.1171875 0.11041666666666666 0.034375 0.22083333333333333
1 0.1671875 0.11041666666666666 0.034375 0.22083333333333333
2 0.234375 0.1125 0.06875 0.225
2 0.31875 0.1125 0.06875 0.225
2 0.403125 0.1125 0.06875 0.225
2 0.4875 0.1125 0.06875 0.225
2 0.571875 0.1125 0.06875 0.225
2 0.65625 0.1125 0.06875 0.225
2 0.740625 0.1125 0.06875 0.225
2 0.825 0.1125 0.06875 0.225
2 0.909375 0.1125 0.06875 0.225
2 0.034375 0.3625 0.06875 0.225
2 0.11875 0.3625 0.06875 0.225
2 0.203125 0.3625 0.06875 0.225
8 0.284375 0.35833333333333334 0.0625 0.21666666666666667
8 0.3625 0.35833333333333334 0.0625 0.21666666666666667
8 0.440625 0.35833333333333334 0.0625 0.21666666666666667
8 0.51875 0.35833333333333334 0.0625 0.21666666666666667
8 0.596875 0.35833333333333334 0.0625 0.21666666666666667
8 0.675 0.35833333333333334 0.0625 0.21666666666666667
8 0.753125 0.35833333333333334 0.0625 0.21666666666666667
8 0.83125 0.35833333333333334 0.0625 0.21666666666666667
8 0.909375 0.35833333333333334 0.0625 0.21666666666666667
8 0.03125 0.6083333333333333 0.0625 0.21666666666666667
8 0.109375 0.6083333333333333 0.0625 0.21666666666666667
8 0.1875 0.6083333333333333 0.0625 0.21666666666666667
8 0.265625 0.6083333333333333 0.0625 0.21666666666666667
8 0.34375 0.6083333333333333 0.0625 0.21666666666666667
8 0.421875 0.6083333333333333 0.0625 0.21666666666666667
8 0.5 0.6083333333333333 0.0625 0.21666666666666667
8 0.578125 0.6083333333333333 0.0625 0.21666666666666667
8 0.65625 0.6083333333333333 0.0625 0.21666666666666667
8 0.734375 0.6083333333333333 0.0625 0.21666666666666667
8 0.8125 0.6083333333333333 0.0625 0.21666666666666667
8 0.890625 0.6083333333333333 0.0625 0.21666666666666667
8 0.03125 0.8583333333333333 0.0625 0.21666666666666667
8 0.109375 0.8583333333333333 0.0625 0.21666666666666667
