1 0.01875 0.11666666666666667 0.0375 0.23333333333333334
1 0.071875 0.11666666666666667 0.0375 0.23333333333333334
1 0.125 0.11666666666666667 0.0375 0.23333333333333334
1 0.178125 0.11666666666666667 0.0375 0.23333333333333334
7 0.24375 0.11041666666666666 0.0625 0.22083333333333333
7 0.321875 0.11041666666666666 0.0625 0.22083333333333333
7 0.4 0.11041666666666666 0.0625 0.22083333333333333
7 0.478125 0.11041666666666666 0.0625 0.22083333333333333
7 0.55625 0.11041666666666666 0.0625 0.22083333333333333
7 0.634375 0.11041666666666666 0.0625 0.22083333333333333
7 0.7125 0.11041666666666666 0.0625 0.22083333333333333
7 0.790625 0.11041666666666666 0.0625 0.22083333333333333
7 0.86875 0.11041666666666666 0.0625 0.22083333333333333
7 0.946875 0.11041666666666666 0.0625 0.22083333333333333
7 0.03125 0.36041666666666666 0.0625 0.22083333333333333
7 0.109375 0.36041666666666666 0.0625 0.22083333333333333
7 0.1875 0.36041666666666666 0.0625 0.22083333333333333
7 0.265625 0.36041666666666666 0.0625 0.22083333333333333
7 0.34375 0.36041666666666666 0.0625 0.22083333333333333
7 0.421875 0.36041666666666666 0.0625 0.22083333333333333
7 0.5 0.36041666666666666 0.0625 0.22083333333333333
7 0.578125 0.36041666666666666 0.0625 0.22083333333333333
7 0.65625 0.36041666666666666 0.0625 0.22083333333333333
7 0.734375 0.36041666666666666 0.0625 0.22083333333333333
