1 0.0171875 0.11458333333333333 0.034375 0.22916666666666666
1 0.0671875 0.11458333333333333 0.034375 0.22916666666666666
1 0.1171875 0.11458333333333333 0.034375 0.22916666666666666
1 0.1671875 0.11458333333333333 0.034375 0.22916666666666666
3 0.23125 0.11041666666666666 0.0625 0.22083333333333333
3 0.309375 0.11041666666666666 0.0625 0.22083333333333333
3 0.3875 0.11041666666666666 0.0625 0.22083333333333333
3 0.465625 0.11041666666666666 0.0625 0.22083333333333333
3 0.54375 0.11041666666666666 0.0625 0.22083333333333333
3 0.621875 0.11041666666666666 0.0625 0.22083333333333333
3 0.7 0.11041666666666666 0.0625 0.22083333333333333
3 0.778125 0.11041666666666666 0.0625 0.22083333333333333
3 0.85625 0.11041666666666666 0.0625 0.22083333333333333
3 0.934375 0.11041666666666666 0.0625 0.22083333333333333
3 0.03125 0.36041666666666666 0.0625 0.22083333333333333
3 0.109375 0.36041666666666666 0.0625 0.22083333333333333
3 0.1875 0.36041666666666666 0.0625 0.22083333333333333
3 0.265625 0.36041666666666666 0.0625 0.22083333333333333
3 0.34375 0.36041666666666666 0.0625 0.22083333333333333
3 0.421875 0.36041666666666666 0.0625 0.22083333333333333
3 0.5 0.36041666666666666 0.0625 0.22083333333333333
3 0.578125 0.36041666666666666 0.0625 0.22083333333333333
3 0.65625 0.36041666666666666 0.0625 0.22083333333333333
3 0.734375 0.36041666666666666 0.0625 0.22083333333333333
1 0.7984375 0.35833333333333334 0.034375 0.21666666666666667
1 0.8484375 0.35833333333333334 0.034375 0.21666666666666667
1 0.8984375 0.35833333333333334 0.034375 0.21666666666666667
1 0.9484375 0.35833333333333334 0.034375 0.21666666666666667
