1 0.0203125 0.1125 0.040625 0.225
1 0.0765625 0.1125 0.040625 0.225
1 0.1328125 0.1125 0.040625 0.225
1 0.1890625 0.1125 0.040625 0.225
7 0.25625 0.11041666666666666 0.0625 0.22083333333333333
7 0.334375 0.11041666666666666 0.0625 0.22083333333333333
7 0.4125 0.11041666666666666 0.0625 0.22083333333333333
7 0.490625 0.11041666666666666 0.0625 0.22083333333333333
7 0.56875 0.11041666666666666 0.0625 0.22083333333333333
7 0.646875 0.11041666666666666 0.0625 0.22083333333333333
7 0.725 0.11041666666666666 0.0625 0.22083333333333333
7 0.803125 0.11041666666666666 0.0625 0.22083333333333333
7 0.88125 0.11041666666666666 0.0625 0.22083333333333333
7 0.959375 0.11041666666666666 0.0625 0.22083333333333333
7 0.03125 0.36041666666666666 0.0625 0.22083333333333333
7 0.109375 0.36041666666666666 0.0625 0.22083333333333333
7 0.1875 0.36041666666666666 0.0625 0.22083333333333333
7 0.265625 0.36041666666666666 0.0625 0.22083333333333333
7 0.34375 0.36041666666666666 0.0625 0.22083333333333333
7 0.421875 0.36041666666666666 0.0625 0.22083333333333333
7 0.5 0.36041666666666666 0.0625 0.22083333333333333
7 0.578125 0.36041666666666666 0.0625 0.22083333333333333
7 0.65625 0.36041666666666666 0.0625 0.22083333333333333
7 0.734375 0.36041666666666666 0.0625 0.22083333333333333
4 0.8125 0.36666666666666664 0.0625 0.23333333333333334
4 0.890625 0.36666666666666664 0.0625 0.23333333333333334
4 0.03125 0.6166666666666667 0.0625 0.23333333333333334
4 0.109375 0.6166666666666667 0.0625 0.23333333333333334
4 0.1875 0.6166666666666667 0.0625 0.23333333333333334
4 0.265625 0.6166666666666667 0.0625 0.23333333333333334
4 0.34375 0.6166666666666667 0.0625 0.23333333333333334
4 0.421875 0.6166666666666667 0.0625 0.23333333333333334
4 0.5 0.6166666666666667 0.0625 0.23333333333333334
4 0.578125 0.6166666666666667 0.0625 0.23333333333333334
4 0.65625 0.6166666666666667 0.0625 0.23333333333333334
4 0.734375 0.6166666666666667 0.0625 0.23333333333333334
4 0.8125 0.6166666666666667 0.0625 0.23333333333333334
4 0.890625 0.6166666666666667 0.0625 0.23333333333333334
4 0.03125 0.8666666666666667 0.0625 0.23333333333333334
4 0.109375 0.8666666666666667 0.0625 0.23333333333333334
4 0.1875 0.8666666666666667 0.0625 0.23333333333333334
4 0.265625 0.8666666666666667 0.0625 0.23333333333333334
4 0.34375 0.8666666666666667 0.0625 0.23333333333333334
4 0.421875 0.8666666666666667 0.0625 0.23333333333333334
4 0.5 0.8666666666666667 0.0625 0.23333333333333334
4 0.578125 0.8666666666666667 0.0625 0.23333333333333334
4 0.65625 0.8666666666666667 0.0625 0.23333333333333334
4 0.734375 0.8666666666666667 0.0625 0.23333333333333334
4 0.8125 0.8666666666666667 0.0625 0.23333333333333334
