9 0.0328125 0.1125 0.065625 0.225
9 0.1140625 0.1125 0.065625 0.225
9 0.1953125 0.1125 0.065625 0.225
9 0.2765625 0.1125 0.065625 0.225
9 0.3578125 0.1125 0.065625 0.225
9 0.4390625 0.1125 0.065625 0.225
9 0.5203125 0.1125 0.065625 0.225
9 0.6015625 0.1125 0.065625 0.225
9 0.6828125 0.1125 0.065625 0.225
9 0.7640625 0.1125 0.065625 0.225
9 0.8453125 0.1125 0.065625 0.225
9 0.9265625 0.1125 0.065625 0.225
9 0.0328125 0.3625 0.065625 0.225
9 0.1140625 0.3625 0.065625 0.225
9 0.1953125 0.3625 0.065625 0.225
9 0.2765625 0.3625 0.065625 0.225
9 0.3578125 0.3625 0.065625 0.225
9 0.4390625 0.3625 0.065625 0.225
9 0.5203125 0.3625 0.065625 0.225
9 0.6015625 0.3625 0.065625 0.225
9 0.6796875 0.3625 0.059375 0.225
9 0.7546875 0.3625 0.059375 0.225
9 0.8296875 0.3625 0.059375 0.225
9 0.9046875 0.3625 0.059375 0.225
9 0.0296875 0.6125 0.059375 0.225
9 0.1046875 0.6125 0.059375 0.225
9 0.1796875 0.6125 0.059375 0.225
9 0.2546875 0.6125 0.059375 0.225
9 0.3296875 0.6125 0.059375 0.225
9 0.4046875 0.6125 0.059375 0.225
9 0.4796875 0.6125 0.059375 0.225
9 0.5546875 0.6125 0.059375 0.225
9 0.6296875 0.6125 0.059375 0.225
9 0.7046875 0.6125 0.059375 0.225
9 0.7796875 0.6125 0.059375 0.225
9 0.8546875 0.6125 0.059375 0.225
9 0.9296875 0.6125 0.059375 0.225
9 0.0296875 0.8625 0.059375 0.225
9 0.1046875 0.8625 0.059375 0.225
9 0.1796875 0.8625 0.059375 0.225
8 0.25625 0.8604166666666667 0.0625 0.22083333333333333
8 0.334375 0.8604166666666667 0.0625 0.22083333333333333
8 0.4125 0.8604166666666667 0.0625 0.22083333333333333
8 0.490625 0.8604166666666667 0.0625 0.22083333333333333
8 0.56875 0.8604166666666667 0.0625 0.22083333333333333
8 0.646875 0.8604166666666667 0.0625 0.22083333333333333
8 0.725 0.8604166666666667 0.0625 0.22083333333333333
8 0.803125 0.8604166666666667 0.0625 0.22083333333333333
8 0.88125 0.8604166666666667 0.0625 0.22083333333333333
8 0.959375 0.8604166666666667 0.0625 0.22083333333333333
