1 0.0171875 0.11458333333333333 0.034375 0.22916666666666666
1 0.0671875 0.11458333333333333 0.034375 0.22916666666666666
1 0.1171875 0.11458333333333333 0.034375 0.22916666666666666
1 0.1671875 0.11458333333333333 0.034375 0.22916666666666666
1 0.21875 0.11666666666666667 0.0375 0.23333333333333334
1 0.271875 0.11666666666666667 0.0375 0.23333333333333334
1 0.325 0.11666666666666667 0.0375 0.23333333333333334
1 0.378125 0.11666666666666667 0.0375 0.23333333333333334
5 0.44375 0.11458333333333333 0.0625 0.22916666666666666
5 0.521875 0.11458333333333333 0.0625 0.22916666666666666
5 0.6 0.11458333333333333 0.0625 0.22916666666666666
5 0.678125 0.11458333333333333 0.0625 0.22916666666666666
5 0.75625 0.11458333333333333 0.0625 0.22916666666666666
5 0.834375 0.11458333333333333 0.0625 0.22916666666666666
5 0.9125 0.11458333333333333 0.0625 0.22916666666666666
5 0.03125 0.3645833333333333 0.0625 0.22916666666666666
5 0.109375 0.3645833333333333 0.0625 0.22916666666666666
5 0.1875 0.3645833333333333 0.0625 0.22916666666666666
5 0.265625 0.3645833333333333 0.0625 0.22916666666666666
5 0.34375 0.3645833333333333 0.0625 0.22916666666666666
5 0.421875 0.3645833333333333 0.0625 0.22916666666666666
5 0.5 0.3645833333333333 0.0625 0.22916666666666666
5 0.578125 0.3645833333333333 0.0625 0.22916666666666666
5 0.65625 0.3645833333333333 0.0625 0.22916666666666666
5 0.734375 0.3645833333333333 0.0625 0.22916666666666666
5 0.8125 0.3645833333333333 0.0625 0.22916666666666666
5 0.890625 0.3645833333333333 0.0625 0.22916666666666666
5 0.03125 0.6145833333333334 0.0625 0.22916666666666666
9 0.109375 0.6104166666666667 0.0625 0.22083333333333333
9 0.1875 0.6104166666666667 0.0625 0.22083333333333333
9 0.265625 0.6104166666666667 0.0625 0.22083333333333333
9 0.34375 0.6104166666666667 0.0625 0.22083333333333333
9 0.421875 0.6104166666666667 0.0625 0.22083333333333333
9 0.5 0.6104166666666667 0.0625 0.22083333333333333
9 0.578125 0.6104166666666667 0.0625 0.22083333333333333
9 0.65625 0.6104166666666667 0.0625 0.22083333333333333
9 0.734375 0.6104166666666667 0.0625 0.22083333333333333
9 0.8125 0.6104166666666667 0.0625 0.22083333333333333
9 0.890625 0.6104166666666667 0.0625 0.22083333333333333
9 0.03125 0.8604166666666667 0.0625 0.22083333333333333
9 0.109375 0.8604166666666667 0.0625 0.22083333333333333
9 0.1875 0.8604166666666667 0.0625 0.22083333333333333
9 0.265625 0.8604166666666667 0.0625 0.22083333333333333
9 0.34375 0.8604166666666667 0.0625 0.22083333333333333
9 0.421875 0.8604166666666667 0.0625 0.22083333333333333
9 0.5 0.8604166666666667 0.0625 0.22083333333333333
9 0.578125 0.8604166666666667 0.0625 0.22083333333333333
9 0.65625 0.8604166666666667 0.0625 0.22083333333333333
