1 0.0203125 0.11458333333333333 0.040625 0.22916666666666666
1 0.0765625 0.11458333333333333 0.040625 0.22916666666666666
1 0.1328125 0.11458333333333333 0.040625 0.22916666666666666
1 0.1890625 0.11458333333333333 0.040625 0.22916666666666666
2 0.25625 0.10833333333333334 0.0625 0.21666666666666667
2 0.334375 0.10833333333333334 0.0625 0.21666666666666667
2 0.4125 0.10833333333333334 0.0625 0.21666666666666667
2 0.490625 0.10833333333333334 0.0625 0.21666666666666667
2 0.56875 0.10833333333333334 0.0625 0.21666666666666667
2 0.646875 0.10833333333333334 0.0625 0.21666666666666667
2 0.725 0.10833333333333334 0.0625 0.21666666666666667
2 0.803125 0.10833333333333334 0.0625 0.21666666666666667
2 0.88125 0.10833333333333334 0.0625 0.21666666666666667
2 0.959375 0.10833333333333334 0.0625 0.21666666666666667
2 0.03125 0.35833333333333334 0.0625 0.21666666666666667
2 0.109375 0.35833333333333334 0.0625 0.21666666666666667
9 0.1890625 0.36041666666666666 0.065625 0.22083333333333333
9 0.2703125 0.36041666666666666 0.065625 0.22083333333333333
9 0.3515625 0.36041666666666666 0.065625 0.22083333333333333
9 0.4328125 0.36041666666666666 0.065625 0.22083333333333333
9 0.5140625 0.36041666666666666 0.065625 0.22083333333333333
9 0.5953125 0.36041666666666666 0.065625 0.22083333333333333
9 0.6765625 0.36041666666666666 0.065625 0.22083333333333333
9 0.7578125 0.36041666666666666 0.065625 0.22083333333333333
9 0.8390625 0.36041666666666666 0.065625 0.22083333333333333
9 0.9203125 0.36041666666666666 0.065625 0.22083333333333333
9 0.0328125 0.6104166666666667 0.065625 0.22083333333333333
9 0.1140625 0.6104166666666667 0.065625 0.22083333333333333
9 0.1953125 0.6104166666666667 0.065625 0.22083333333333333
9 0.2765625 0.6104166666666667 0.065625 0.22083333333333333
9 0.3578125 0.6104166666666667 0.065625 0.22083333333333333
9 0.4390625 0.6104166666666667 0.065625 0.22083333333333333
9 0.5203125 0.6104166666666667 0.065625 0.22083333333333333
9 0.6015625 0.6104166666666667 0.065625 0.22083333333333333
9 0.6828125 0.6104166666666667 0.065625 0.22083333333333333
9 0.7640625 0.6104166666666667 0.065625 0.22083333333333333
7 0.8453125 0.6166666666666667 0.065625 0.23333333333333334
7 0.9265625 0.6166666666666667 0.065625 0.23333333333333334
7 0.0328125 0.8666666666666667 0.065625 0.23333333333333334
7 0.1140625 0.8666666666666667 0.065625 0.23333333333333334
7 0.1953125 0.8666666666666667 0.065625 0.23333333333333334
7 0.2765625 0.8666666666666667 0.065625 0.23333333333333334
7 0.3578125 0.8666666666666667 0.065625 0.23333333333333334
7 0.4390625 0.8666666666666667 0.065625 0.23333333333333334
7 0.5203125 0.8666666666666667 0.065625 0.23333333333333334
7 0.6015625 0.8666666666666667 0.065625 0.23333333333333334
7 0.6828125 0.8666666666666667 0.065625 0.23333333333333334
7 0.7640625 0.8666666666666667 0.065625 0.23333333333333334
7 0.8453125 0.8666666666666667 0.065625 0.23333333333333334
7 0.9265625 0.8666666666666667 0.065625 0.23333333333333334
