1 0.01875 0.11875 0.0375 0.2375
1 0.071875 0.11875 0.0375 0.2375
1 0.125 0.11875 0.0375 0.2375
1 0.178125 0.11875 0.0375 0.2375
2 0.2453125 0.11458333333333333 0.065625 0.22916666666666666
2 0.3265625 0.11458333333333333 0.065625 0.22916666666666666
2 0.4078125 0.11458333333333333 0.065625 0.22916666666666666
2 0.4890625 0.11458333333333333 0.065625 0.22916666666666666
2 0.5703125 0.11458333333333333 0.065625 0.22916666666666666
2 0.6515625 0.11458333333333333 0.065625 0.22916666666666666
2 0.7328125 0.11458333333333333 0.065625 0.22916666666666666
2 0.8140625 0.11458333333333333 0.065625 0.22916666666666666
2 0.8953125 0.11458333333333333 0.065625 0.22916666666666666
2 0.0328125 0.3645833333333333 0.065625 0.22916666666666666
2 0.1140625 0.3645833333333333 0.065625 0.22916666666666666
2 0.1953125 0.3645833333333333 0.065625 0.22916666666666666
2 0.2765625 0.36041666666666666 0.065625 0.22083333333333333
2 0.3578125 0.36041666666666666 0.065625 0.22083333333333333
2 0.4390625 0.36041666666666666 0.065625 0.22083333333333333
2 0.5203125 0.36041666666666666 0.065625 0.22083333333333333
2 0.6015625 0.36041666666666666 0.065625 0.22083333333333333
2 0.6828125 0.36041666666666666 0.065625 0.22083333333333333
2 0.7640625 0.36041666666666666 0.065625 0.22083333333333333
2 0.8453125 0.36041666666666666 0.065625 0.22083333333333333
2 0.9265625 0.36041666666666666 0.065625 0.22083333333333333
2 0.0328125 0.6104166666666667 0.065625 0.22083333333333333
2 0.1140625 0.6104166666666667 0.065625 0.22083333333333333
2 0.1953125 0.6104166666666667 0.065625 0.22083333333333333
3 0.2796875 0.61875 0.071875 0.2375
3 0.3671875 0.61875 0.071875 0.2375
3 0.4546875 0.61875 0.071875 0.2375
3 0.5421875 0.61875 0.071875 0.2375
3 0.6296875 0.61875 0.071875 0.2375
3 0.7171875 0.61875 0.071875 0.2375
3 0.8046875 0.61875 0.071875 0.2375
3 0.8921875 0.61875 0.071875 0.2375
3 0.0359375 0.86875 0.071875 0.2375
3 0.1234375 0.86875 0.071875 0.2375
3 0.2109375 0.86875 0.071875 0.2375
3 0.2984375 0.86875 0.071875 0.2375
3 0.3859375 0.86875 0.071875 0.2375
3 0.4734375 0.86875 0.071875 0.2375
3 0.5609375 0.86875 0.071875 0.2375
3 0.6484375 0.86875 0.071875 0.2375
3 0.7359375 0.86875 0.071875 0.2375
3 0.8234375 0.86875 0.071875 0.2375
3 0.9109375 0.86875 0.071875 0.2375
