1 0.01875 0.1125 0.0375 0.225
1 0.071875 0.1125 0.0375 0.225
1 0.125 0.1125 0.0375 0.225
1 0.178125 0.1125 0.0375 0.225
1 0.2328125 0.11458333333333333 0.040625 0.22916666666666666
1 0.2890625 0.11458333333333333 0.040625 0.22916666666666666
1 0.3453125 0.11458333333333333 0.040625 0.22916666666666666
1 0.4015625 0.11458333333333333 0.040625 0.22916666666666666
5 0.4703125 0.1125 0.065625 0.225
5 0.5515625 0.1125 0.065625 0.225
5 0.6328125 0.1125 0.065625 0.225
5 0.7140625 0.1125 0.065625 0.225
5 0.7953125 0.1125 0.065625 0.225
5 0.8765625 0.1125 0.065625 0.225
5 0.9578125 0.1125 0.065625 0.225
5 0.0328125 0.3625 0.065625 0.225
5 0.1140625 0.3625 0.065625 0.225
5 0.1953125 0.3625 0.065625 0.225
5 0.2765625 0.3625 0.065625 0.225
5 0.3578125 0.3625 0.065625 0.225
5 0.4390625 0.3625 0.065625 0.225
5 0.5203125 0.3625 0.065625 0.225
5 0.6015625 0.3625 0.065625 0.225
5 0.6828125 0.3625 0.065625 0.225
5 0.7640625 0.3625 0.065625 0.225
5 0.8453125 0.3625 0.065625 0.225
5 0.9265625 0.3625 0.065625 0.225
5 0.0328125 0.6125 0.065625 0.225
