1 0.021875 0.1125 0.04375 0.225
1 0.08125 0.1125 0.04375 0.225
1 0.140625 0.1125 0.04375 0.225
1 0.2 0.1125 0.04375 0.225
2 0.2703125 0.1125 0.065625 0.225
2 0.3515625 0.1125 0.065625 0.225
2 0.4328125 0.1125 0.065625 0.225
2 0.5140625 0.1125 0.065625 0.225
2 0.5953125 0.1125 0.065625 0.225
2 0.6765625 0.1125 0.065625 0.225
2 0.7578125 0.1125 0.065625 0.225
2 0.8390625 0.1125 0.065625 0.225
2 0.9203125 0.1125 0.065625 0.225
2 0.0328125 0.3625 0.065625 0.225
2 0.1140625 0.3625 0.065625 0.225
2 0.1953125 0.3625 0.065625 0.225
1 0.2640625 0.3645833333333333 0.040625 0.22916666666666666
1 0.3203125 0.3645833333333333 0.040625 0.22916666666666666
1 0.3765625 0.3645833333333333 0.040625 0.22916666666666666
1 0.4328125 0.3645833333333333 0.040625 0.22916666666666666
