1 0.015625 0.11041666666666666 0.03125 0.22083333333333333
1 0.0625 0.11041666666666666 0.03125 0.22083333333333333
1 0.109375 0.11041666666666666 0.03125 0.22083333333333333
1 0.15625 0.11041666666666666 0.03125 0.22083333333333333
1 0.20625 0.11041666666666666 0.0375 0.22083333333333333
1 0.259375 0.11041666666666666 0.0375 0.22083333333333333
1 0.3125 0.11041666666666666 0.0375 0.22083333333333333
1 0.365625 0.11041666666666666 0.0375 0.22083333333333333
8 0.4296875 0.11041666666666666 0.059375 0.22083333333333333
8 0.5046875 0.11041666666666666 0.059375 0.22083333333333333
8 0.5796875 0.11041666666666666 0.059375 0.22083333333333333
8 0.6546875 0.11041666666666666 0.059375 0.22083333333333333
8 0.7296875 0.11041666666666666 0.059375 0.22083333333333333
8 0.8046875 0.11041666666666666 0.059375 0.22083333333333333
8 0.8796875 0.11041666666666666 0.059375 0.22083333333333333
8 0.9546875 0.11041666666666666 0.059375 0.22083333333333333
8 0.0296875 0.36041666666666666 0.059375 0.22083333333333333
8 0.1046875 0.36041666666666666 0.059375 0.22083333333333333
8 0.1796875 0.36041666666666666 0.059375 0.22083333333333333
8 0.2546875 0.36041666666666666 0.059375 0.22083333333333333
8 0.3296875 0.36041666666666666 0.059375 0.22083333333333333
8 0.4046875 0.36041666666666666 0.059375 0.22083333333333333
8 0.4796875 0.36041666666666666 0.059375 0.22083333333333333
8 0.5546875 0.36041666666666666 0.059375 0.22083333333333333
8 0.6296875 0.36041666666666666 0.059375 0.22083333333333333
8 0.7046875 0.36041666666666666 0.059375 0.22083333333333333
8 0.7796875 0.36041666666666666 0.059375 0.22083333333333333
8 0.8546875 0.36041666666666666 0.059375 0.22083333333333333
8 0.9296875 0.36041666666666666 0.059375 0.22083333333333333
8 0.0296875 0.6104166666666667 0.059375 0.22083333333333333
8 0.1046875 0.6104166666666667 0.059375 0.22083333333333333
