1 0.01875 0.1125 0.0375 0.225
1 0.071875 0.1125 0.0375 0.225
1 0.125 0.1125 0.0375 0.225
1 0.178125 0.1125 0.0375 0.225
2 0.24375 0.11041666666666666 0.0625 0.22083333333333333
2 0.321875 0.11041666666666666 0.0625 0.22083333333333333
2 0.4 0.11041666666666666 0.0625 0.22083333333333333
2 0.478125 0.11041666666666666 0.0625 0.22083333333333333
2 0.55625 0.11041666666666666 0.0625 0.22083333333333333
2 0.634375 0.11041666666666666 0.0625 0.22083333333333333
2 0.7125 0.11041666666666666 0.0625 0.22083333333333333
2 0.790625 0.11041666666666666 0.0625 0.22083333333333333
2 0.86875 0.11041666666666666 0.0625 0.22083333333333333
2 0.946875 0.11041666666666666 0.0625 0.22083333333333333
2 0.03125 0.36041666666666666 0.0625 0.22083333333333333
2 0.109375 0.36041666666666666 0.0625 0.22083333333333333
1 0.175 0.35833333333333334 0.0375 0.21666666666666667
1 0.228125 0.35833333333333334 0.0375 0.21666666666666667
1 0.28125 0.35833333333333334 0.0375 0.21666666666666667
1 0.334375 0.35833333333333334 0.0375 0.21666666666666667
