1 0.0203125 0.11458333333333333 0.040625 0.22916666666666666
1 0.0765625 0.11458333333333333 0.040625 0.22916666666666666
1 0.1328125 0.11458333333333333 0.040625 0.22916666666666666
1 0.1890625 0.11458333333333333 0.040625 0.22916666666666666
2 0.25625 0.11458333333333333 0.0625 0.22916666666666666
2 0.334375 0.11458333333333333 0.0625 0.22916666666666666
2 0.4125 0.11458333333333333 0.0625 0.22916666666666666
2 0.490625 0.11458333333333333 0.0625 0.22916666666666666
2 0.56875 0.11458333333333333 0.0625 0.22916666666666666
2 0.646875 0.11458333333333333 0.0625 0.22916666666666666
2 0.725 0.11458333333333333 0.0625 0.22916666666666666
2 0.803125 0.11458333333333333 0.0625 0.22916666666666666
2 0.88125 0.11458333333333333 0.0625 0.22916666666666666
2 0.959375 0.11458333333333333 0.0625 0.22916666666666666
2 0.03125 0.3645833333333333 0.0625 0.22916666666666666
2 0.109375 0.3645833333333333 0.0625 0.22916666666666666
3 0.1875 0.3645833333333333 0.0625 0.22916666666666666
3 0.265625 0.3645833333333333 0.0625 0.22916666666666666
3 0.34375 0.3645833333333333 0.0625 0.22916666666666666
3 0.421875 0.3645833333333333 0.0625 0.22916666666666666
3 0.5 0.3645833333333333 0.0625 0.22916666666666666
3 0.578125 0.3645833333333333 0.0625 0.22916666666666666
3 0.65625 0.3645833333333333 0.0625 0.22916666666666666
3 0.734375 0.3645833333333333 0.0625 0.22916666666666666
3 0.8125 0.3645833333333333 0.0625 0.22916666666666666
3 0.890625 0.3645833333333333 0.0625 0.22916666666666666
3 0.03125 0.6145833333333334 0.0625 0.22916666666666666
3 0.109375 0.6145833333333334 0.0625 0.22916666666666666
3 0.1875 0.6145833333333334 0.0625 0.22916666666666666
3 0.265625 0.6145833333333334 0.0625 0.22916666666666666
3 0.34375 0.6145833333333334 0.0625 0.22916666666666666
3 0.421875 0.6145833333333334 0.0625 0.22916666666666666
3 0.5 0.6145833333333334 0.0625 0.22916666666666666
3 0.578125 0.6145833333333334 0.0625 0.22916666666666666
3 0.65625 0.6145833333333334 0.0625 0.22916666666666666
3 0.734375 0.6145833333333334 0.0625 0.22916666666666666
6 0.815625 0.6145833333333334 0.06875 0.22916666666666666
6 0.9 0.6145833333333334 0.06875 0.22916666666666666
6 0.034375 0.8645833333333334 0.06875 0.22916666666666666
6 0.11875 0.8645833333333334 0.06875 0.22916666666666666
6 0.203125 0.8645833333333334 0.06875 0.22916666666666666
6 0.2875 0.8645833333333334 0.06875 0.22916666666666666
6 0.371875 0.8645833333333334 0.06875 0.22916666666666666
6 0.45625 0.8645833333333334 0.06875 0.22916666666666666
6 0.540625 0.8645833333333334 0.06875 0.22916666666666666
6 0.625 0.8645833333333334 0.06875 0.22916666666666666
6 0.709375 0.8645833333333334 0.06875 0.22916666666666666
6 0.79375 0.8645833333333334 0.06875 0.22916666666666666
6 0.878125 0.8645833333333334 0.06875 0.22916666666666666
6 0.9625 0.8645833333333334 0.06875 0.22916666666666666
