1 0.01875 0.11666666666666667 0.0375 0.23333333333333334
1 0.071875 0.11666666666666667 0.0375 0.23333333333333334
1 0.125 0.11666666666666667 0.0375 0.23333333333333334
1 0.178125 0.11666666666666667 0.0375 0.23333333333333334
8 0.240625 0.10625 0.05625 0.2125
8 0.3125 0.10625 0.05625 0.2125
8 0.384375 0.10625 0.05625 0.2125
8 0.45625 0.10625 0.05625 0.2125
8 0.528125 0.10625 0.05625 0.2125
8 0.6 0.10625 0.05625 0.2125
8 0.671875 0.10625 0.05625 0.2125
8 0.74375 0.10625 0.05625 0.2125
8 0.815625 0.10625 0.05625 0.2125
8 0.8875 0.10625 0.05625 0.2125
8 0.959375 0.10625 0.05625 0.2125
8 0.028125 0.35625 0.05625 0.2125
8 0.1 0.35625 0.05625 0.2125
8 0.171875 0.35625 0.05625 0.2125
8 0.24375 0.35625 0.05625 0.2125
8 0.315625 0.35625 0.05625 0.2125
8 0.3875 0.35625 0.05625 0.2125
8 0.459375 0.35625 0.05625 0.2125
8 0.53125 0.35625 0.05625 0.2125
8 0.603125 0.35625 0.05625 0.2125
8 0.675 0.35625 0.05625 0.2125
8 0.746875 0.35625 0.05625 0.2125
8 0.81875 0.35625 0.05625 0.2125
