1 0.0203125 0.11041666666666666 0.040625 0.22083333333333333
1 0.0765625 0.11041666666666666 0.040625 0.22083333333333333
1 0.1328125 0.11041666666666666 0.040625 0.22083333333333333
1 0.1890625 0.11041666666666666 0.040625 0.22083333333333333
5 0.253125 0.11458333333333333 0.05625 0.22916666666666666
5 0.325 0.11458333333333333 0.05625 0.22916666666666666
5 0.396875 0.11458333333333333 0.05625 0.22916666666666666
5 0.46875 0.11458333333333333 0.05625 0.22916666666666666
5 0.540625 0.11458333333333333 0.05625 0.22916666666666666
5 0.6125 0.11458333333333333 0.05625 0.22916666666666666
5 0.684375 0.11458333333333333 0.05625 0.22916666666666666
5 0.75625 0.11458333333333333 0.05625 0.22916666666666666
5 0.828125 0.11458333333333333 0.05625 0.22916666666666666
5 0.9 0.11458333333333333 0.05625 0.22916666666666666
5 0.028125 0.3645833333333333 0.05625 0.22916666666666666
5 0.1 0.3645833333333333 0.05625 0.22916666666666666
5 0.171875 0.3645833333333333 0.05625 0.22916666666666666
5 0.24375 0.3645833333333333 0.05625 0.22916666666666666
5 0.315625 0.3645833333333333 0.05625 0.22916666666666666
5 0.3875 0.3645833333333333 0.05625 0.22916666666666666
5 0.459375 0.3645833333333333 0.05625 0.22916666666666666
5 0.53125 0.3645833333333333 0.05625 0.22916666666666666
5 0.603125 0.3645833333333333 0.05625 0.22916666666666666
5 0.675 0.3645833333333333 0.05625 0.22916666666666666
2 0.75 0.36041666666666666 0.0625 0.22083333333333333
2 0.828125 0.36041666666666666 0.0625 0.22083333333333333
2 0.90625 0.36041666666666666 0.0625 0.22083333333333333
2 0.03125 0.6104166666666667 0.0625 0.22083333333333333
2 0.109375 0.6104166666666667 0.0625 0.22083333333333333
2 0.1875 0.6104166666666667 0.0625 0.22083333333333333
2 0.265625 0.6104166666666667 0.0625 0.22083333333333333
2 0.34375 0.6104166666666667 0.0625 0.22083333333333333
2 0.421875 0.6104166666666667 0.0625 0.22083333333333333
2 0.5 0.6104166666666667 0.0625 0.22083333333333333
2 0.578125 0.6104166666666667 0.0625 0.22083333333333333
2 0.65625 0.6104166666666667 0.0625 0.22083333333333333
