1 0.0171875 0.11458333333333333 0.034375 0.22916666666666666
1 0.0671875 0.11458333333333333 0.034375 0.22916666666666666
1 0.1171875 0.11458333333333333 0.034375 0.22916666666666666
1 0.1671875 0.11458333333333333 0.034375 0.22916666666666666
3 0.228125 0.1125 0.05625 0.225
3 0.3 0.1125 0.05625 0.225
3 0.371875 0.1125 0.05625 0.225
3 0.44375 0.1125 0.05625 0.225
3 0.515625 0.1125 0.05625 0.225
3 0.5875 0.1125 0.05625 0.225
3 0.659375 0.1125 0.05625 0.225
3 0.73125 0.1125 0.05625 0.225
3 0.803125 0.1125 0.05625 0.225
3 0.875 0.1125 0.05625 0.225
3 0.946875 0.1125 0.05625 0.225
3 0.028125 0.3625 0.05625 0.225
3 0.1 0.3625 0.05625 0.225
3 0.171875 0.3625 0.05625 0.225
3 0.24375 0.3625 0.05625 0.225
3 0.315625 0.3625 0.05625 0.225
3 0.3875 0.3625 0.05625 0.225
3 0.459375 0.3625 0.05625 0.225
3 0.53125 0.3625 0.05625 0.225
3 0.603125 0.3625 0.05625 0.225
