1 0.0171875 0.1125 0.034375 0.225
1 0.0671875 0.1125 0.034375 0.225
1 0.1171875 0.1125 0.034375 0.225
1 0.1671875 0.1125 0.034375 0.225
2 0.23125 0.10833333333333334 0.0625 0.21666666666666667
2 0.309375 0.10833333333333334 0.0625 0.21666666666666667
2 0.3875 0.10833333333333334 0.0625 0.21666666666666667
2 0.465625 0.10833333333333334 0.0625 0.21666666666666667
2 0.54375 0.10833333333333334 0.0625 0.21666666666666667
2 0.621875 0.10833333333333334 0.0625 0.21666666666666667
2 0.7 0.10833333333333334 0.0625 0.21666666666666667
2 0.778125 0.10833333333333334 0.0625 0.21666666666666667
2 0.85625 0.10833333333333334 0.0625 0.21666666666666667
2 0.934375 0.10833333333333334 0.0625 0.21666666666666667
2 0.03125 0.35833333333333334 0.0625 0.21666666666666667
2 0.109375 0.35833333333333334 0.0625 0.21666666666666667
8 0.1859375 0.35833333333333334 0.059375 0.21666666666666667
8 0.2609375 0.35833333333333334 0.059375 0.21666666666666667
8 0.3359375 0.35833333333333334 0.059375 0.21666666666666667
8 0.4109375 0.35833333333333334 0.059375 0.21666666666666667
8 0.4859375 0.35833333333333334 0.059375 0.21666666666666667
8 0.5609375 0.35833333333333334 0.059375 0.21666666666666667
8 0.6359375 0.35833333333333334 0.059375 0.21666666666666667
8 0.7109375 0.35833333333333334 0.059375 0.21666666666666667
8 0.7859375 0.35833333333333334 0.059375 0.21666666666666667
8 0.8609375 0.35833333333333334 0.059375 0.21666666666666667
8 0.9359375 0.35833333333333334 0.059375 0.21666666666666667
8 0.0296875 0.6083333333333333 0.059375 0.21666666666666667
8 0.1046875 0.6083333333333333 0.059375 0.21666666666666667
8 0.1796875 0.6083333333333333 0.059375 0.21666666666666667
8 0.2546875 0.6083333333333333 0.059375 0.21666666666666667
8 0.3296875 0.6083333333333333 0.059375 0.21666666666666667
8 0.4046875 0.6083333333333333 0.059375 0.21666666666666667
8 0.4796875 0.6083333333333333 0.059375 0.21666666666666667
8 0.5546875 0.6083333333333333 0.059375 0.21666666666666667
8 0.6296875 0.6083333333333333 0.059375 0.21666666666666667
8 0.7046875 0.6083333333333333 0.059375 0.21666666666666667
8 0.7796875 0.6083333333333333 0.059375 0.21666666666666667
8 0.8546875 0.6083333333333333 0.059375 0.21666666666666667
