1 0.01875 0.11041666666666666 0.0375 0.22083333333333333
1 0.071875 0.11041666666666666 0.0375 0.22083333333333333
1 0.125 0.11041666666666666 0.0375 0.22083333333333333
1 0.178125 0.11041666666666666 0.0375 0.22083333333333333
7 0.240625 0.11041666666666666 0.05625 0.22083333333333333
7 0.3125 0.11041666666666666 0.05625 0.22083333333333333
7 0.384375 0.11041666666666666 0.05625 0.22083333333333333
7 0.45625 0.11041666666666666 0.05625 0.22083333333333333
7 0.528125 0.11041666666666666 0.05625 0.22083333333333333
7 0.6 0.11041666666666666 0.05625 0.22083333333333333
7 0.671875 0.11041666666666666 0.05625 0.22083333333333333
7 0.74375 0.11041666666666666 0.05625 0.22083333333333333
7 0.815625 0.11041666666666666 0.05625 0.22083333333333333
7 0.8875 0.11041666666666666 0.05625 0.22083333333333333
7 0.959375 0.11041666666666666 0.05625 0.22083333333333333
7 0.028125 0.36041666666666666 0.05625 0.22083333333333333
7 0.1 0.36041666666666666 0.05625 0.22083333333333333
7 0.171875 0.36041666666666666 0.05625 0.22083333333333333
7 0.24375 0.36041666666666666 0.05625 0.22083333333333333
7 0.315625 0.36041666666666666 0.05625 0.22083333333333333
7 0.3875 0.36041666666666666 0.05625 0.22083333333333333
7 0.459375 0.36041666666666666 0.05625 0.22083333333333333
7 0.53125 0.36041666666666666 0.05625 0.22083333333333333
7 0.603125 0.36041666666666666 0.05625 0.22083333333333333
