1 0.01875 0.11041666666666666 0.0375 0.22083333333333333
1 0.071875 0.11041666666666666 0.0375 0.22083333333333333
1 0.125 0.11041666666666666 0.0375 0.22083333333333333
1 0.178125 0.11041666666666666 0.0375 0.22083333333333333
6 0.2421875 0.11458333333333333 0.059375 0.22916666666666666
6 0.3171875 0.11458333333333333 0.059375 0.22916666666666666
6 0.3921875 0.11458333333333333 0.059375 0.22916666666666666
6 0.4671875 0.11458333333333333 0.059375 0.22916666666666666
6 0.5421875 0.11458333333333333 0.059375 0.22916666666666666
6 0.6171875 0.11458333333333333 0.059375 0.22916666666666666
6 0.6921875 0.11458333333333333 0.059375 0.22916666666666666
6 0.7671875 0.11458333333333333 0.059375 0.22916666666666666
6 0.8421875 0.11458333333333333 0.059375 0.22916666666666666
6 0.9171875 0.11458333333333333 0.059375 0.22916666666666666
6 0.0296875 0.3645833333333333 0.059375 0.22916666666666666
6 0.1046875 0.3645833333333333 0.059375 0.22916666666666666
6 0.1796875 0.3645833333333333 0.059375 0.22916666666666666
6 0.2546875 0.3645833333333333 0.059375 0.22916666666666666
6 0.3296875 0.3645833333333333 0.059375 0.22916666666666666
2 0.403125 0.35625 0.05625 0.2125
2 0.475 0.35625 0.05625 0.2125
2 0.546875 0.35625 0.05625 0.2125
2 0.61875 0.35625 0.05625 0.2125
2 0.690625 0.35625 0.05625 0.2125
2 0.7625 0.35625 0.05625 0.2125
2 0.834375 0.35625 0.05625 0.2125
2 0.90625 0.35625 0.05625 0.2125
2 0.028125 0.60625 0.05625 0.2125
2 0.1 0.60625 0.05625 0.2125
2 0.171875 0.60625 0.05625 0.2125
2 0.24375 0.60625 0.05625 0.2125
