1 0.0203125 0.1125 0.040625 0.225
1 0.0765625 0.1125 0.040625 0.225
1 0.1328125 0.1125 0.040625 0.225
1 0.1890625 0.1125 0.040625 0.225
6 0.25625 0.1125 0.0625 0.225
6 0.334375 0.1125 0.0625 0.225
6 0.4125 0.1125 0.0625 0.225
6 0.490625 0.1125 0.0625 0.225
6 0.56875 0.1125 0.0625 0.225
6 0.646875 0.1125 0.0625 0.225
6 0.725 0.1125 0.0625 0.225
6 0.803125 0.1125 0.0625 0.225
6 0.88125 0.1125 0.0625 0.225
6 0.959375 0.1125 0.0625 0.225
6 0.03125 0.3625 0.0625 0.225
6 0.109375 0.3625 0.0625 0.225
6 0.1875 0.3625 0.0625 0.225
6 0.265625 0.3625 0.0625 0.225
6 0.34375 0.3625 0.0625 0.225
