3 0.028125 0.11041666666666666 0.05625 0.22083333333333333
3 0.1 0.11041666666666666 0.05625 0.22083333333333333
3 0.171875 0.11041666666666666 0.05625 0.22083333333333333
3 0.24375 0.11041666666666666 0.05625 0.22083333333333333
3 0.315625 0.11041666666666666 0.05625 0.22083333333333333
3 0.3875 0.11041666666666666 0.05625 0.22083333333333333
3 0.459375 0.11041666666666666 0.05625 0.22083333333333333
3 0.53125 0.11041666666666666 0.05625 0.22083333333333333
3 0.603125 0.11041666666666666 0.05625 0.22083333333333333
3 0.675 0.11041666666666666 0.05625 0.22083333333333333
3 0.746875 0.11041666666666666 0.05625 0.22083333333333333
3 0.81875 0.11041666666666666 0.05625 0.22083333333333333
3 0.890625 0.11041666666666666 0.05625 0.22083333333333333
3 0.9625 0.11041666666666666 0.05625 0.22083333333333333
3 0.028125 0.36041666666666666 0.05625 0.22083333333333333
3 0.1 0.36041666666666666 0.05625 0.22083333333333333
3 0.171875 0.36041666666666666 0.05625 0.22083333333333333
3 0.24375 0.36041666666666666 0.05625 0.22083333333333333
3 0.315625 0.36041666666666666 0.05625 0.22083333333333333
3 0.3875 0.36041666666666666 0.05625 0.22083333333333333
3 0.459375 0.35625 0.05625 0.2125
3 0.53125 0.35625 0.05625 0.2125
3 0.603125 0.35625 0.05625 0.2125
3 0.675 0.35625 0.05625 0.2125
3 0.746875 0.35625 0.05625 0.2125
3 0.81875 0.35625 0.05625 0.2125
3 0.890625 0.35625 0.05625 0.2125
3 0.9625 0.35625 0.05625 0.2125
3 0.028125 0.60625 0.05625 0.2125
3 0.1 0.60625 0.05625 0.2125
3 0.171875 0.60625 0.05625 0.2125
3 0.24375 0.60625 0.05625 0.2125
3 0.315625 0.60625 0.05625 0.2125
3 0.3875 0.60625 0.05625 0.2125
3 0.459375 0.60625 0.05625 0.2125
3 0.53125 0.60625 0.05625 0.2125
3 0.603125 0.60625 0.05625 0.2125
3 0.675 0.60625 0.05625 0.2125
3 0.746875 0.60625 0.05625 0.2125
3 0.81875 0.60625 0.05625 0.2125
8 0.8921875 0.6104166666666667 0.059375 0.22083333333333333
8 0.9671875 0.6104166666666667 0.059375 0.22083333333333333
8 0.0296875 0.8604166666666667 0.059375 0.22083333333333333
8 0.1046875 0.8604166666666667 0.059375 0.22083333333333333
8 0.1796875 0.8604166666666667 0.059375 0.22083333333333333
8 0.2546875 0.8604166666666667 0.059375 0.22083333333333333
8 0.3296875 0.8604166666666667 0.059375 0.22083333333333333
8 0.4046875 0.8604166666666667 0.059375 0.22083333333333333
8 0.4796875 0.8604166666666667 0.059375 0.22083333333333333
8 0.5546875 0.8604166666666667 0.059375 0.22083333333333333
8 0.6296875 0.8604166666666667 0.059375 0.22083333333333333
8 0.7046875 0.8604166666666667 0.059375 0.22083333333333333
8 0.7796875 0.8604166666666667 0.059375 0.22083333333333333
8 0.8546875 0.8604166666666667 0.059375 0.22083333333333333
8 0.9296875 0.8604166666666667 0.059375 0.22083333333333333
