6 0.0328125 0.10833333333333334 0.065625 0.21666666666666667
6 0.1140625 0.10833333333333334 0.065625 0.21666666666666667
6 0.1953125 0.10833333333333334 0.065625 0.21666666666666667
6 0.2765625 0.10833333333333334 0.065625 0.21666666666666667
6 0.3578125 0.10833333333333334 0.065625 0.21666666666666667
6 0.4390625 0.10833333333333334 0.065625 0.21666666666666667
6 0.5203125 0.10833333333333334 0.065625 0.21666666666666667
6 0.6015625 0.10833333333333334 0.065625 0.21666666666666667
6 0.6828125 0.10833333333333334 0.065625 0.21666666666666667
6 0.7640625 0.10833333333333334 0.065625 0.21666666666666667
6 0.8453125 0.10833333333333334 0.065625 0.21666666666666667
6 0.9265625 0.10833333333333334 0.065625 0.21666666666666667
6 0.0328125 0.35833333333333334 0.065625 0.21666666666666667
6 0.1140625 0.35833333333333334 0.065625 0.21666666666666667
6 0.1953125 0.35833333333333334 0.065625 0.21666666666666667
6 0.271875 0.36041666666666666 0.05625 0.22083333333333333
6 0.34375 0.36041666666666666 0.05625 0.22083333333333333
6 0.415625 0.36041666666666666 0.05625 0.22083333333333333
6 0.4875 0.36041666666666666 0.05625 0.22083333333333333
6 0.559375 0.36041666666666666 0.05625 0.22083333333333333
6 0.63125 0.36041666666666666 0.05625 0.22083333333333333
6 0.703125 0.36041666666666666 0.05625 0.22083333333333333
6 0.775 0.36041666666666666 0.05625 0.22083333333333333
6 0.846875 0.36041666666666666 0.05625 0.22083333333333333
6 0.91875 0.36041666666666666 0.05625 0.22083333333333333
6 0.028125 0.6104166666666667 0.05625 0.22083333333333333
6 0.1 0.6104166666666667 0.05625 0.22083333333333333
6 0.171875 0.6104166666666667 0.05625 0.22083333333333333
6 0.24375 0.6104166666666667 0.05625 0.22083333333333333
6 0.315625 0.6104166666666667 0.05625 0.22083333333333333
2 0.3921875 0.6083333333333333 0.065625 0.21666666666666667
2 0.4734375 0.6083333333333333 0.065625 0.21666666666666667
2 0.5546875 0.6083333333333333 0.065625 0.21666666666666667
2 0.6359375 0.6083333333333333 0.065625 0.21666666666666667
2 0.7171875 0.6083333333333333 0.065625 0.21666666666666667
2 0.7984375 0.6083333333333333 0.065625 0.21666666666666667
2 0.8796875 0.6083333333333333 0.065625 0.21666666666666667
2 0.9609375 0.6083333333333333 0.065625 0.21666666666666667
2 0.0328125 0.8583333333333333 0.065625 0.21666666666666667
2 0.1140625 0.8583333333333333 0.065625 0.21666666666666667
2 0.1953125 0.8583333333333333 0.065625 0.21666666666666667
2 0.2765625 0.8583333333333333 0.065625 0.21666666666666667
