1 0.01875 0.11458333333333333 0.0375 0.22916666666666666
1 0.071875 0.11458333333333333 0.0375 0.22916666666666666
1 0.125 0.11458333333333333 0.0375 0.22916666666666666
1 0.178125 0.11458333333333333 0.0375 0.22916666666666666
2 0.2421875 0.1125 0.059375 0.225
2 0.3171875 0.1125 0.059375 0.225
2 0.3921875 0.1125 0.059375 0.225
2 0.4671875 0.1125 0.059375 0.225
2 0.5421875 0.1125 0.059375 0.225
2 0.6171875 0.1125 0.059375 0.225
2 0.6921875 0.1125 0.059375 0.225
2 0.7671875 0.1125 0.059375 0.225
2 0.8421875 0.1125 0.059375 0.225
2 0.9171875 0.1125 0.059375 0.225
2 0.0296875 0.3625 0.059375 0.225
2 0.1046875 0.3625 0.059375 0.225
3 0.18125 0.3625 0.0625 0.225
3 0.259375 0.3625 0.0625 0.225
3 0.3375 0.3625 0.0625 0.225
3 0.415625 0.3625 0.0625 0.225
3 0.49375 0.3625 0.0625 0.225
3 0.571875 0.3625 0.0625 0.225
3 0.65 0.3625 0.0625 0.225
3 0.728125 0.3625 0.0625 0.225
3 0.80625 0.3625 0.0625 0.225
3 0.884375 0.3625 0.0625 0.225
3 0.9625 0.3625 0.0625 0.225
3 0.03125 0.6125 0.0625 0.225
3 0.109375 0.6125 0.0625 0.225
3 0.1875 0.6125 0.0625 0.225
3 0.265625 0.6125 0.0625 0.225
3 0.34375 0.6125 0.0625 0.225
3 0.421875 0.6125 0.0625 0.225
3 0.5 0.6125 0.0625 0.225
3 0.578125 0.6125 0.0625 0.225
3 0.65625 0.6125 0.0625 0.225
