1 0.01875 0.1125 0.0375 0.225
1 0.071875 0.1125 0.0375 0.225
1 0.125 0.1125 0.0375 0.225
1 0.178125 0.1125 0.0375 0.225
7 0.2421875 0.11041666666666666 0.059375 0.22083333333333333
7 0.3171875 0.11041666666666666 0.059375 0.22083333333333333
7 0.3921875 0.11041666666666666 0.059375 0.22083333333333333
7 0.4671875 0.11041666666666666 0.059375 0.22083333333333333
7 0.5421875 0.11041666666666666 0.059375 0.22083333333333333
7 0.6171875 0.11041666666666666 0.059375 0.22083333333333333
7 0.6921875 0.11041666666666666 0.059375 0.22083333333333333
7 0.7671875 0.11041666666666666 0.059375 0.22083333333333333
7 0.8421875 0.11041666666666666 0.059375 0.22083333333333333
7 0.9171875 0.11041666666666666 0.059375 0.22083333333333333
7 0.0296875 0.36041666666666666 0.059375 0.22083333333333333
7 0.1046875 0.36041666666666666 0.059375 0.22083333333333333
7 0.1796875 0.36041666666666666 0.059375 0.22083333333333333
7 0.2546875 0.36041666666666666 0.059375 0.22083333333333333
7 0.3296875 0.36041666666666666 0.059375 0.22083333333333333
7 0.4046875 0.36041666666666666 0.059375 0.22083333333333333
7 0.4796875 0.36041666666666666 0.059375 0.22083333333333333
7 0.5546875 0.36041666666666666 0.059375 0.22083333333333333
7 0.6296875 0.36041666666666666 0.059375 0.22083333333333333
7 0.7046875 0.36041666666666666 0.059375 0.22083333333333333
