1 0.01875 0.1125 0.0375 0.225
1 0.071875 0.1125 0.0375 0.225
1 0.125 0.1125 0.0375 0.225
1 0.178125 0.1125 0.0375 0.225
3 0.24375 0.10833333333333334 0.0625 0.21666666666666667
3 0.321875 0.10833333333333334 0.0625 0.21666666666666667
3 0.4 0.10833333333333334 0.0625 0.21666666666666667
3 0.478125 0.10833333333333334 0.0625 0.21666666666666667
3 0.55625 0.10833333333333334 0.0625 0.21666666666666667
3 0.634375 0.10833333333333334 0.0625 0.21666666666666667
3 0.7125 0.10833333333333334 0.0625 0.21666666666666667
3 0.790625 0.10833333333333334 0.0625 0.21666666666666667
3 0.86875 0.10833333333333334 0.0625 0.21666666666666667
3 0.946875 0.10833333333333334 0.0625 0.21666666666666667
3 0.03125 0.35833333333333334 0.0625 0.21666666666666667
3 0.109375 0.35833333333333334 0.0625 0.21666666666666667
3 0.1875 0.35833333333333334 0.0625 0.21666666666666667
3 0.265625 0.35833333333333334 0.0625 0.21666666666666667
3 0.34375 0.35833333333333334 0.0625 0.21666666666666667
3 0.421875 0.35833333333333334 0.0625 0.21666666666666667
3 0.5 0.35833333333333334 0.0625 0.21666666666666667
3 0.578125 0.35833333333333334 0.0625 0.21666666666666667
3 0.65625 0.35833333333333334 0.0625 0.21666666666666667
3 0.734375 0.35833333333333334 0.0625 0.21666666666666667
1 0.8 0.3541666666666667 0.0375 0.20833333333333334
1 0.853125 0.3541666666666667 0.0375 0.20833333333333334
1 0.90625 0.3541666666666667 0.0375 0.20833333333333334
1 0.959375 0.3541666666666667 0.0375 0.20833333333333334
