2 0.03125 0.10416666666666667 0.0625 0.20833333333333334
2 0.109375 0.10416666666666667 0.0625 0.20833333333333334
2 0.1875 0.10416666666666667 0.0625 0.20833333333333334
2 0.265625 0.10416666666666667 0.0625 0.20833333333333334
2 0.34375 0.10416666666666667 0.0625 0.20833333333333334
2 0.421875 0.10416666666666667 0.0625 0.20833333333333334
2 0.5 0.10416666666666667 0.0625 0.20833333333333334
2 0.578125 0.10416666666666667 0.0625 0.20833333333333334
2 0.65625 0.10416666666666667 0.0625 0.20833333333333334
2 0.734375 0.10416666666666667 0.0625 0.20833333333333334
2 0.8125 0.10416666666666667 0.0625 0.20833333333333334
2 0.890625 0.10416666666666667 0.0625 0.20833333333333334
9 0.03125 0.35625 0.0625 0.2125
9 0.109375 0.35625 0.0625 0.2125
9 0.1875 0.35625 0.0625 0.2125
9 0.265625 0.35625 0.0625 0.2125
9 0.34375 0.35625 0.0625 0.2125
9 0.421875 0.35625 0.0625 0.2125
9 0.5 0.35625 0.0625 0.2125
9 0.578125 0.35625 0.0625 0.2125
9 0.65625 0.35625 0.0625 0.2125
9 0.734375 0.35625 0.0625 0.2125
9 0.8125 0.35625 0.0625 0.2125
9 0.890625 0.35625 0.0625 0.2125
9 0.03125 0.60625 0.0625 0.2125
9 0.109375 0.60625 0.0625 0.2125
9 0.1875 0.60625 0.0625 0.2125
9 0.265625 0.60625 0.0625 0.2125
9 0.34375 0.60625 0.0625 0.2125
9 0.421875 0.60625 0.0625 0.2125
9 0.5 0.60625 0.0625 0.2125
9 0.578125 0.60625 0.0625 0.2125
8 0.6515625 0.6041666666666666 0.053125 0.20833333333333334
8 0.7203125 0.6041666666666666 0.053125 0.20833333333333334
8 0.7890625 0.6041666666666666 0.053125 0.20833333333333334
8 0.8578125 0.6041666666666666 0.053125 0.20833333333333334
8 0.9265625 0.6041666666666666 0.053125 0.20833333333333334
8 0.0265625 0.8541666666666666 0.053125 0.20833333333333334
8 0.0953125 0.8541666666666666 0.053125 0.20833333333333334
8 0.1640625 0.8541666666666666 0.053125 0.20833333333333334
8 0.2328125 0.8541666666666666 0.053125 0.20833333333333334
8 0.3015625 0.8541666666666666 0.053125 0.20833333333333334
8 0.3703125 0.8541666666666666 0.053125 0.20833333333333334
8 0.4390625 0.8541666666666666 0.053125 0.20833333333333334
8 0.5078125 0.8541666666666666 0.053125 0.20833333333333334
8 0.5765625 0.8541666666666666 0.053125 0.20833333333333334
8 0.6453125 0.8541666666666666 0.053125 0.20833333333333334
8 0.7140625 0.8541666666666666 0.053125 0.20833333333333334
8 0.7828125 0.8541666666666666 0.053125 0.20833333333333334
8 0.8515625 0.8541666666666666 0.053125 0.20833333333333334
8 0.9203125 0.8541666666666666 0.053125 0.20833333333333334
