2 0.0296875 0.10625 0.059375 0.2125
2 0.1046875 0.10625 0.059375 0.2125
2 0.1796875 0.10625 0.059375 0.2125
2 0.2546875 0.10625 0.059375 0.2125
2 0.3296875 0.10625 0.059375 0.2125
2 0.4046875 0.10625 0.059375 0.2125
2 0.4796875 0.10625 0.059375 0.2125
2 0.5546875 0.10625 0.059375 0.2125
2 0.6296875 0.10625 0.059375 0.2125
2 0.7046875 0.10625 0.059375 0.2125
2 0.7796875 0.10625 0.059375 0.2125
2 0.8546875 0.10625 0.059375 0.2125
3 0.928125 0.11041666666666666 0.05625 0.22083333333333333
3 0.028125 0.36041666666666666 0.05625 0.22083333333333333
3 0.1 0.36041666666666666 0.05625 0.22083333333333333
3 0.171875 0.36041666666666666 0.05625 0.22083333333333333
3 0.24375 0.36041666666666666 0.05625 0.22083333333333333
3 0.315625 0.36041666666666666 0.05625 0.22083333333333333
3 0.3875 0.36041666666666666 0.05625 0.22083333333333333
3 0.459375 0.36041666666666666 0.05625 0.22083333333333333
3 0.53125 0.36041666666666666 0.05625 0.22083333333333333
3 0.603125 0.36041666666666666 0.05625 0.22083333333333333
3 0.675 0.36041666666666666 0.05625 0.22083333333333333
3 0.746875 0.36041666666666666 0.05625 0.22083333333333333
3 0.81875 0.36041666666666666 0.05625 0.22083333333333333
3 0.890625 0.36041666666666666 0.05625 0.22083333333333333
3 0.9625 0.36041666666666666 0.05625 0.22083333333333333
3 0.028125 0.6104166666666667 0.05625 0.22083333333333333
3 0.1 0.6104166666666667 0.05625 0.22083333333333333
3 0.171875 0.6104166666666667 0.05625 0.22083333333333333
3 0.24375 0.6104166666666667 0.05625 0.22083333333333333
3 0.315625 0.6104166666666667 0.05625 0.22083333333333333
9 0.3890625 0.6083333333333333 0.059375 0.21666666666666667
9 0.4640625 0.6083333333333333 0.059375 0.21666666666666667
9 0.5390625 0.6083333333333333 0.059375 0.21666666666666667
9 0.6140625 0.6083333333333333 0.059375 0.21666666666666667
9 0.6890625 0.6083333333333333 0.059375 0.21666666666666667
9 0.7640625 0.6083333333333333 0.059375 0.21666666666666667
9 0.8390625 0.6083333333333333 0.059375 0.21666666666666667
9 0.9140625 0.6083333333333333 0.059375 0.21666666666666667
9 0.0296875 0.8583333333333333 0.059375 0.21666666666666667
9 0.1046875 0.8583333333333333 0.059375 0.21666666666666667
9 0.1796875 0.8583333333333333 0.059375 0.21666666666666667
9 0.2546875 0.8583333333333333 0.059375 0.21666666666666667
9 0.3296875 0.8583333333333333 0.059375 0.21666666666666667
9 0.4046875 0.8583333333333333 0.059375 0.21666666666666667
9 0.4796875 0.8583333333333333 0.059375 0.21666666666666667
9 0.5546875 0.8583333333333333 0.059375 0.21666666666666667
9 0.6296875 0.8583333333333333 0.059375 0.21666666666666667
9 0.7046875 0.8583333333333333 0.059375 0.21666666666666667
9 0.7796875 0.8583333333333333 0.059375 0.21666666666666667
9 0.8546875 0.8583333333333333 0.059375 0.21666666666666667
