4 0.0296875 0.11458333333333333 0.059375 0.22916666666666666
4 0.1046875 0.11458333333333333 0.059375 0.22916666666666666
4 0.1796875 0.11458333333333333 0.059375 0.22916666666666666
4 0.2546875 0.11458333333333333 0.059375 0.22916666666666666
4 0.3296875 0.11458333333333333 0.059375 0.22916666666666666
4 0.4046875 0.11458333333333333 0.059375 0.22916666666666666
4 0.4796875 0.11458333333333333 0.059375 0.22916666666666666
4 0.5546875 0.11458333333333333 0.059375 0.22916666666666666
4 0.6296875 0.11458333333333333 0.059375 0.22916666666666666
4 0.7046875 0.11458333333333333 0.059375 0.22916666666666666
4 0.7796875 0.11458333333333333 0.059375 0.22916666666666666
4 0.8546875 0.11458333333333333 0.059375 0.22916666666666666
4 0.9296875 0.11458333333333333 0.059375 0.22916666666666666
4 0.0296875 0.3645833333333333 0.059375 0.22916666666666666
4 0.1046875 0.3645833333333333 0.059375 0.22916666666666666
4 0.1796875 0.3645833333333333 0.059375 0.22916666666666666
4 0.2546875 0.3645833333333333 0.059375 0.22916666666666666
4 0.3296875 0.3645833333333333 0.059375 0.22916666666666666
4 0.4046875 0.3645833333333333 0.059375 0.22916666666666666
4 0.4796875 0.3645833333333333 0.059375 0.22916666666666666
4 0.5546875 0.3645833333333333 0.059375 0.22916666666666666
4 0.6296875 0.3645833333333333 0.059375 0.22916666666666666
4 0.7046875 0.3645833333333333 0.059375 0.22916666666666666
4 0.7796875 0.3645833333333333 0.059375 0.22916666666666666
4 0.8546875 0.3645833333333333 0.059375 0.22916666666666666
1 0.915625 0.35625 0.03125 0.2125
1 0.9625 0.35625 0.03125 0.2125
1 0.015625 0.60625 0.03125 0.2125
1 0.0625 0.60625 0.03125 0.2125
9 0.1234375 0.6104166666666667 0.059375 0.22083333333333333
9 0.1984375 0.6104166666666667 0.059375 0.22083333333333333
9 0.2734375 0.6104166666666667 0.059375 0.22083333333333333
9 0.3484375 0.6104166666666667 0.059375 0.22083333333333333
9 0.4234375 0.6104166666666667 0.059375 0.22083333333333333
9 0.4984375 0.6104166666666667 0.059375 0.22083333333333333
9 0.5734375 0.6104166666666667 0.059375 0.22083333333333333
9 0.6484375 0.6104166666666667 0.059375 0.22083333333333333
9 0.7234375 0.6104166666666667 0.059375 0.22083333333333333
9 0.7984375 0.6104166666666667 0.059375 0.22083333333333333
9 0.8734375 0.6104166666666667 0.059375 0.22083333333333333
9 0.9484375 0.6104166666666667 0.059375 0.22083333333333333
9 0.0296875 0.8604166666666667 0.059375 0.22083333333333333
9 0.1046875 0.8604166666666667 0.059375 0.22083333333333333
9 0.1796875 0.8604166666666667 0.059375 0.22083333333333333
9 0.2546875 0.8604166666666667 0.059375 0.22083333333333333
9 0.3296875 0.8604166666666667 0.059375 0.22083333333333333
9 0.4046875 0.8604166666666667 0.059375 0.22083333333333333
9 0.4796875 0.8604166666666667 0.059375 0.22083333333333333
9 0.5546875 0.8604166666666667 0.059375 0.22083333333333333
