2 0.03125 0.10625 0.0625 0.2125
2 0.109375 0.10625 0.0625 0.2125
2 0.1875 0.10625 0.0625 0.2125
2 0.265625 0.10625 0.0625 0.2125
2 0.34375 0.10625 0.0625 0.2125
2 0.421875 0.10625 0.0625 0.2125
2 0.5 0.10625 0.0625 0.2125
2 0.578125 0.10625 0.0625 0.2125
2 0.65625 0.10625 0.0625 0.2125
2 0.734375 0.10625 0.0625 0.2125
2 0.8125 0.10625 0.0625 0.2125
2 0.890625 0.10625 0.0625 0.2125
3 0.9671875 0.11041666666666666 0.059375 0.22083333333333333
3 0.0296875 0.36041666666666666 0.059375 0.22083333333333333
3 0.1046875 0.36041666666666666 0.059375 0.22083333333333333
3 0.1796875 0.36041666666666666 0.059375 0.22083333333333333
3 0.2546875 0.36041666666666666 0.059375 0.22083333333333333
3 0.3296875 0.36041666666666666 0.059375 0.22083333333333333
3 0.4046875 0.36041666666666666 0.059375 0.22083333333333333
3 0.4796875 0.36041666666666666 0.059375 0.22083333333333333
3 0.5546875 0.36041666666666666 0.059375 0.22083333333333333
3 0.6296875 0.36041666666666666 0.059375 0.22083333333333333
3 0.7046875 0.36041666666666666 0.059375 0.22083333333333333
3 0.7796875 0.36041666666666666 0.059375 0.22083333333333333
3 0.8546875 0.36041666666666666 0.059375 0.22083333333333333
3 0.9296875 0.36041666666666666 0.059375 0.22083333333333333
3 0.0296875 0.6104166666666667 0.059375 0.22083333333333333
3 0.1046875 0.6104166666666667 0.059375 0.22083333333333333
3 0.1796875 0.6104166666666667 0.059375 0.22083333333333333
3 0.2546875 0.6104166666666667 0.059375 0.22083333333333333
3 0.3296875 0.6104166666666667 0.059375 0.22083333333333333
3 0.4046875 0.6104166666666667 0.059375 0.22083333333333333
1 0.4640625 0.6104166666666667 0.028125 0.22083333333333333
1 0.5078125 0.6104166666666667 0.028125 0.22083333333333333
1 0.5515625 0.6104166666666667 0.028125 0.22083333333333333
1 0.5953125 0.6104166666666667 0.028125 0.22083333333333333
