1 0.01875 0.11458333333333333 0.0375 0.22916666666666666
1 0.071875 0.11458333333333333 0.0375 0.22916666666666666
1 0.125 0.11458333333333333 0.0375 0.22916666666666666
1 0.178125 0.11458333333333333 0.0375 0.22916666666666666
3 0.2421875 0.1125 0.059375 0.225
3 0.3171875 0.1125 0.059375 0.225
3 0.3921875 0.1125 0.059375 0.225
3 0.4671875 0.1125 0.059375 0.225
3 0.5421875 0.1125 0.059375 0.225
3 0.6171875 0.1125 0.059375 0.225
3 0.6921875 0.1125 0.059375 0.225
3 0.7671875 0.1125 0.059375 0.225
3 0.8421875 0.1125 0.059375 0.225
3 0.9171875 0.1125 0.059375 0.225
3 0.0296875 0.3625 0.059375 0.225
3 0.1046875 0.3625 0.059375 0.225
3 0.1796875 0.3625 0.059375 0.225
3 0.2546875 0.3625 0.059375 0.225
3 0.3296875 0.3625 0.059375 0.225
3 0.4046875 0.3625 0.059375 0.225
3 0.4796875 0.3625 0.059375 0.225
3 0.5546875 0.3625 0.059375 0.225
3 0.6296875 0.3625 0.059375 0.225
3 0.7046875 0.3625 0.059375 0.225
5 0.7828125 0.3645833333333333 0.065625 0.22916666666666666
5 0.8640625 0.3645833333333333 0.065625 0.22916666666666666
5 0.9453125 0.3645833333333333 0.065625 0.22916666666666666
5 0.0328125 0.6145833333333334 0.065625 0.22916666666666666
5 0.1140625 0.6145833333333334 0.065625 0.22916666666666666
5 0.1953125 0.6145833333333334 0.065625 0.22916666666666666
5 0.2765625 0.6145833333333334 0.065625 0.22916666666666666
5 0.3578125 0.6145833333333334 0.065625 0.22916666666666666
5 0.4390625 0.6145833333333334 0.065625 0.22916666666666666
5 0.5203125 0.6145833333333334 0.065625 0.22916666666666666
5 0.6015625 0.6145833333333334 0.065625 0.22916666666666666
5 0.6828125 0.6145833333333334 0.065625 0.22916666666666666
5 0.7640625 0.6145833333333334 0.065625 0.22916666666666666
5 0.8453125 0.6145833333333334 0.065625 0.22916666666666666
5 0.9265625 0.6145833333333334 0.065625 0.22916666666666666
5 0.0328125 0.8645833333333334 0.065625 0.22916666666666666
5 0.1140625 0.8645833333333334 0.065625 0.22916666666666666
5 0.1953125 0.8645833333333334 0.065625 0.22916666666666666
5 0.2765625 0.8645833333333334 0.065625 0.22916666666666666
5 0.3578125 0.8645833333333334 0.065625 0.22916666666666666
