1 0.01875 0.11041666666666666 0.0375 0.22083333333333333
1 0.071875 0.11041666666666666 0.0375 0.22083333333333333
1 0.125 0.11041666666666666 0.0375 0.22083333333333333
1 0.178125 0.11041666666666666 0.0375 0.22083333333333333
2 0.2421875 0.1125 0.059375 0.225
2 0.3171875 0.1125 0.059375 0.225
2 0.3921875 0.1125 0.059375 0.225
2 0.4671875 0.1125 0.059375 0.225
2 0.5421875 0.1125 0.059375 0.225
2 0.6171875 0.1125 0.059375 0.225
2 0.6921875 0.1125 0.059375 0.225
2 0.7671875 0.1125 0.059375 0.225
2 0.8421875 0.1125 0.059375 0.225
2 0.9171875 0.1125 0.059375 0.225
2 0.0296875 0.3625 0.059375 0.225
2 0.1046875 0.3625 0.059375 0.225
