1 0.0171875 0.11041666666666666 0.034375 0.22083333333333333
1 0.0671875 0.11041666666666666 0.034375 0.22083333333333333
1 0.1171875 0.11041666666666666 0.034375 0.22083333333333333
1 0.1671875 0.11041666666666666 0.034375 0.22083333333333333
6 0.2296875 0.1125 0.059375 0.225
6 0.3046875 0.1125 0.059375 0.225
6 0.3796875 0.1125 0.059375 0.225
6 0.4546875 0.1125 0.059375 0.225
6 0.5296875 0.1125 0.059375 0.225
6 0.6046875 0.1125 0.059375 0.225
6 0.6796875 0.1125 0.059375 0.225
6 0.7546875 0.1125 0.059375 0.225
6 0.8296875 0.1125 0.059375 0.225
6 0.9046875 0.1125 0.059375 0.225
6 0.0296875 0.3625 0.059375 0.225
6 0.1046875 0.3625 0.059375 0.225
6 0.1796875 0.3625 0.059375 0.225
6 0.2546875 0.3625 0.059375 0.225
6 0.3296875 0.3625 0.059375 0.225
8 0.403125 0.35625 0.05625 0.2125
8 0.475 0.35625 0.05625 0.2125
8 0.546875 0.35625 0.05625 0.2125
8 0.61875 0.35625 0.05625 0.2125
8 0.690625 0.35625 0.05625 0.2125
8 0.7625 0.35625 0.05625 0.2125
8 0.834375 0.35625 0.05625 0.2125
8 0.90625 0.35625 0.05625 0.2125
8 0.028125 0.60625 0.05625 0.2125
8 0.1 0.60625 0.05625 0.2125
8 0.171875 0.60625 0.05625 0.2125
8 0.24375 0.60625 0.05625 0.2125
8 0.315625 0.60625 0.05625 0.2125
8 0.3875 0.60625 0.05625 0.2125
8 0.459375 0.60625 0.05625 0.2125
8 0.53125 0.60625 0.05625 0.2125
8 0.603125 0.60625 0.05625 0.2125
8 0.675 0.60625 0.05625 0.2125
8 0.746875 0.60625 0.05625 0.2125
8 0.81875 0.60625 0.05625 0.2125
8 0.890625 0.60625 0.05625 0.2125
8 0.9625 0.60625 0.05625 0.2125
8 0.028125 0.85625 0.05625 0.2125
