1 0.0171875 0.11041666666666666 0.034375 0.22083333333333333
1 0.0671875 0.11041666666666666 0.034375 0.22083333333333333
1 0.1171875 0.11041666666666666 0.034375 0.22083333333333333
1 0.1671875 0.11041666666666666 0.034375 0.22083333333333333
1 0.215625 0.1125 0.03125 0.225
1 0.2625 0.1125 0.03125 0.225
1 0.309375 0.1125 0.03125 0.225
1 0.35625 0.1125 0.03125 0.225
7 0.4203125 0.10833333333333334 0.065625 0.21666666666666667
7 0.5015625 0.10833333333333334 0.065625 0.21666666666666667
7 0.5828125 0.10833333333333334 0.065625 0.21666666666666667
7 0.6640625 0.10833333333333334 0.065625 0.21666666666666667
7 0.7453125 0.10833333333333334 0.065625 0.21666666666666667
7 0.8265625 0.10833333333333334 0.065625 0.21666666666666667
7 0.9078125 0.10833333333333334 0.065625 0.21666666666666667
7 0.0328125 0.35833333333333334 0.065625 0.21666666666666667
7 0.1140625 0.35833333333333334 0.065625 0.21666666666666667
7 0.1953125 0.35833333333333334 0.065625 0.21666666666666667
7 0.2765625 0.35833333333333334 0.065625 0.21666666666666667
7 0.3578125 0.35833333333333334 0.065625 0.21666666666666667
7 0.4390625 0.35833333333333334 0.065625 0.21666666666666667
7 0.5203125 0.35833333333333334 0.065625 0.21666666666666667
7 0.6015625 0.35833333333333334 0.065625 0.21666666666666667
7 0.6828125 0.35833333333333334 0.065625 0.21666666666666667
7 0.7640625 0.35833333333333334 0.065625 0.21666666666666667
7 0.8453125 0.35833333333333334 0.065625 0.21666666666666667
7 0.9265625 0.35833333333333334 0.065625 0.21666666666666667
7 0.0328125 0.6083333333333333 0.065625 0.21666666666666667
