1 0.0171875 0.11458333333333333 0.034375 0.22916666666666666
1 0.0671875 0.11458333333333333 0.034375 0.22916666666666666
1 0.1171875 0.11458333333333333 0.034375 0.22916666666666666
1 0.1671875 0.11458333333333333 0.034375 0.22916666666666666
3 0.228125 0.1125 0.05625 0.225
3 0.3 0.1125 0.05625 0.225
3 0.371875 0.1125 0.05625 0.225
3 0.44375 0.1125 0.05625 0.225
3 0.515625 0.1125 0.05625 0.225
3 0.5875 0.1125 0.05625 0.225
3 0.659375 0.1125 0.05625 0.225
3 0.73125 0.1125 0.05625 0.225
3 0.803125 0.1125 0.05625 0.225
3 0.875 0.1125 0.05625 0.225
3 0.946875 0.1125 0.05625 0.225
3 0.028125 0.3625 0.05625 0.225
3 0.1 0.3625 0.05625 0.225
3 0.171875 0.3625 0.05625 0.225
3 0.24375 0.3625 0.05625 0.225
3 0.315625 0.3625 0.05625 0.225
3 0.3875 0.3625 0.05625 0.225
3 0.459375 0.3625 0.05625 0.225
3 0.53125 0.3625 0.05625 0.225
3 0.603125 0.3625 0.05625 0.225
9 0.678125 0.35625 0.0625 0.2125
9 0.75625 0.35625 0.0625 0.2125
9 0.834375 0.35625 0.0625 0.2125
9 0.9125 0.35625 0.0625 0.2125
9 0.03125 0.60625 0.0625 0.2125
9 0.109375 0.60625 0.0625 0.2125
9 0.1875 0.60625 0.0625 0.2125
9 0.265625 0.60625 0.0625 0.2125
9 0.34375 0.60625 0.0625 0.2125
9 0.421875 0.60625 0.0625 0.2125
9 0.5 0.60625 0.0625 0.2125
9 0.578125 0.60625 0.0625 0.2125
9 0.65625 0.60625 0.0625 0.2125
9 0.734375 0.60625 0.0625 0.2125
9 0.8125 0.60625 0.0625 0.2125
9 0.890625 0.60625 0.0625 0.2125
9 0.03125 0.85625 0.0625 0.2125
9 0.109375 0.85625 0.0625 0.2125
9 0.1875 0.85625 0.0625 0.2125
9 0.265625 0.85625 0.0625 0.2125
