4 0.0296875 0.10833333333333334 0.059375 0.21666666666666667
4 0.1046875 0.10833333333333334 0.059375 0.21666666666666667
4 0.1796875 0.10833333333333334 0.059375 0.21666666666666667
4 0.2546875 0.10833333333333334 0.059375 0.21666666666666667
4 0.3296875 0.10833333333333334 0.059375 0.21666666666666667
4 0.4046875 0.10833333333333334 0.059375 0.21666666666666667
4 0.4796875 0.10833333333333334 0.059375 0.21666666666666667
4 0.5546875 0.10833333333333334 0.059375 0.21666666666666667
4 0.6296875 0.10833333333333334 0.059375 0.21666666666666667
4 0.7046875 0.10833333333333334 0.059375 0.21666666666666667
4 0.7796875 0.10833333333333334 0.059375 0.21666666666666667
4 0.8546875 0.10833333333333334 0.059375 0.21666666666666667
4 0.9296875 0.10833333333333334 0.059375 0.21666666666666667
4 0.0296875 0.35833333333333334 0.059375 0.21666666666666667
4 0.1046875 0.35833333333333334 0.059375 0.21666666666666667
4 0.1796875 0.35833333333333334 0.059375 0.21666666666666667
4 0.2546875 0.35833333333333334 0.059375 0.21666666666666667
4 0.3296875 0.35833333333333334 0.059375 0.21666666666666667
4 0.4046875 0.35833333333333334 0.059375 0.21666666666666667
4 0.4796875 0.35833333333333334 0.059375 0.21666666666666667
4 0.5546875 0.35833333333333334 0.059375 0.21666666666666667
4 0.6296875 0.35833333333333334 0.059375 0.21666666666666667
4 0.7046875 0.35833333333333334 0.059375 0.21666666666666667
4 0.7796875 0.35833333333333334 0.059375 0.21666666666666667
4 0.8546875 0.35833333333333334 0.059375 0.21666666666666667
9 0.928125 0.36041666666666666 0.05625 0.22083333333333333
9 0.028125 0.6104166666666667 0.05625 0.22083333333333333
9 0.1 0.6104166666666667 0.05625 0.22083333333333333
9 0.171875 0.6104166666666667 0.05625 0.22083333333333333
9 0.24375 0.6104166666666667 0.05625 0.22083333333333333
9 0.315625 0.6104166666666667 0.05625 0.22083333333333333
9 0.3875 0.6104166666666667 0.05625 0.22083333333333333
9 0.459375 0.6104166666666667 0.05625 0.22083333333333333
9 0.53125 0.6104166666666667 0.05625 0.22083333333333333
9 0.603125 0.6104166666666667 0.05625 0.22083333333333333
9 0.675 0.6104166666666667 0.05625 0.22083333333333333
9 0.746875 0.6104166666666667 0.05625 0.22083333333333333
9 0.81875 0.6104166666666667 0.05625 0.22083333333333333
9 0.890625 0.6104166666666667 0.05625 0.22083333333333333
9 0.9625 0.6104166666666667 0.05625 0.22083333333333333
9 0.028125 0.8604166666666667 0.05625 0.22083333333333333
9 0.1 0.8604166666666667 0.05625 0.22083333333333333
9 0.171875 0.8604166666666667 0.05625 0.22083333333333333
9 0.24375 0.8604166666666667 0.05625 0.22083333333333333
9 0.315625 0.8604166666666667 0.05625 0.22083333333333333
