1 0.0171875 0.11666666666666667 0.034375 0.23333333333333334
1 0.0671875 0.11666666666666667 0.034375 0.23333333333333334
1 0.1171875 0.11666666666666667 0.034375 0.23333333333333334
1 0.1671875 0.11666666666666667 0.034375 0.23333333333333334
3 0.23125 0.12083333333333333 0.0625 0.24166666666666667
3 0.309375 0.12083333333333333 0.0625 0.24166666666666667
3 0.3875 0.12083333333333333 0.0625 0.24166666666666667
3 0.465625 0.12083333333333333 0.0625 0.24166666666666667
3 0.54375 0.12083333333333333 0.0625 0.24166666666666667
3 0.621875 0.12083333333333333 0.0625 0.24166666666666667
3 0.7 0.12083333333333333 0.0625 0.24166666666666667
3 0.778125 0.12083333333333333 0.0625 0.24166666666666667
3 0.85625 0.12083333333333333 0.0625 0.24166666666666667
3 0.934375 0.12083333333333333 0.0625 0.24166666666666667
3 0.03125 0.37083333333333335 0.0625 0.24166666666666667
3 0.109375 0.37083333333333335 0.0625 0.24166666666666667
3 0.1875 0.37083333333333335 0.0625 0.24166666666666667
3 0.265625 0.37083333333333335 0.0625 0.24166666666666667
3 0.34375 0.37083333333333335 0.0625 0.24166666666666667
3 0.421875 0.37083333333333335 0.0625 0.24166666666666667
3 0.5 0.37083333333333335 0.0625 0.24166666666666667
3 0.578125 0.37083333333333335 0.0625 0.24166666666666667
3 0.65625 0.37083333333333335 0.0625 0.24166666666666667
3 0.734375 0.37083333333333335 0.0625 0.24166666666666667
