1 0.021875 0.11875 0.04375 0.2375
1 0.08125 0.11875 0.04375 0.2375
1 0.140625 0.11875 0.04375 0.2375
1 0.2 0.11875 0.04375 0.2375
2 0.2671875 0.11041666666666666 0.059375 0.22083333333333333
2 0.3421875 0.11041666666666666 0.059375 0.22083333333333333
2 0.4171875 0.11041666666666666 0.059375 0.22083333333333333
2 0.4921875 0.11041666666666666 0.059375 0.22083333333333333
2 0.5671875 0.11041666666666666 0.059375 0.22083333333333333
2 0.6421875 0.11041666666666666 0.059375 0.22083333333333333
2 0.7171875 0.11041666666666666 0.059375 0.22083333333333333
2 0.7921875 0.11041666666666666 0.059375 0.22083333333333333
2 0.8671875 0.11041666666666666 0.059375 0.22083333333333333
2 0.9421875 0.11041666666666666 0.059375 0.22083333333333333
2 0.0296875 0.36041666666666666 0.059375 0.22083333333333333
2 0.1046875 0.36041666666666666 0.059375 0.22083333333333333
3 0.18125 0.36041666666666666 0.0625 0.22083333333333333
3 0.259375 0.36041666666666666 0.0625 0.22083333333333333
3 0.3375 0.36041666666666666 0.0625 0.22083333333333333
3 0.415625 0.36041666666666666 0.0625 0.22083333333333333
3 0.49375 0.36041666666666666 0.0625 0.22083333333333333
3 0.571875 0.36041666666666666 0.0625 0.22083333333333333
3 0.65 0.36041666666666666 0.0625 0.22083333333333333
3 0.728125 0.36041666666666666 0.0625 0.22083333333333333
3 0.80625 0.36041666666666666 0.0625 0.22083333333333333
3 0.884375 0.36041666666666666 0.0625 0.22083333333333333
3 0.9625 0.36041666666666666 0.0625 0.22083333333333333
3 0.03125 0.6104166666666667 0.0625 0.22083333333333333
3 0.109375 0.6104166666666667 0.0625 0.22083333333333333
3 0.1875 0.6104166666666667 0.0625 0.22083333333333333
3 0.265625 0.6104166666666667 0.0625 0.22083333333333333
3 0.34375 0.6104166666666667 0.0625 0.22083333333333333
3 0.421875 0.6104166666666667 0.0625 0.22083333333333333
3 0.5 0.6104166666666667 0.0625 0.22083333333333333
3 0.578125 0.6104166666666667 0.0625 0.22083333333333333
3 0.65625 0.6104166666666667 0.0625 0.22083333333333333
