1 0.0171875 0.11041666666666666 0.034375 0.22083333333333333
1 0.0671875 0.11041666666666666 0.034375 0.22083333333333333
1 0.1171875 0.11041666666666666 0.034375 0.22083333333333333
1 0.1671875 0.11041666666666666 0.034375 0.22083333333333333
5 0.2296875 0.11041666666666666 0.059375 0.22083333333333333
5 0.3046875 0.11041666666666666 0.059375 0.22083333333333333
5 0.3796875 0.11041666666666666 0.059375 0.22083333333333333
5 0.4546875 0.11041666666666666 0.059375 0.22083333333333333
5 0.5296875 0.11041666666666666 0.059375 0.22083333333333333
5 0.6046875 0.11041666666666666 0.059375 0.22083333333333333
5 0.6796875 0.11041666666666666 0.059375 0.22083333333333333
5 0.7546875 0.11041666666666666 0.059375 0.22083333333333333
5 0.8296875 0.11041666666666666 0.059375 0.22083333333333333
5 0.9046875 0.11041666666666666 0.059375 0.22083333333333333
5 0.0296875 0.36041666666666666 0.059375 0.22083333333333333
5 0.1046875 0.36041666666666666 0.059375 0.22083333333333333
5 0.1796875 0.36041666666666666 0.059375 0.22083333333333333
5 0.2546875 0.36041666666666666 0.059375 0.22083333333333333
5 0.3296875 0.36041666666666666 0.059375 0.22083333333333333
5 0.4046875 0.36041666666666666 0.059375 0.22083333333333333
5 0.4796875 0.36041666666666666 0.059375 0.22083333333333333
5 0.5546875 0.36041666666666666 0.059375 0.22083333333333333
5 0.6296875 0.36041666666666666 0.059375 0.22083333333333333
5 0.7046875 0.36041666666666666 0.059375 0.22083333333333333
5 0.778125 0.36041666666666666 0.05625 0.22083333333333333
5 0.85 0.36041666666666666 0.05625 0.22083333333333333
5 0.921875 0.36041666666666666 0.05625 0.22083333333333333
5 0.028125 0.6104166666666667 0.05625 0.22083333333333333
5 0.1 0.6104166666666667 0.05625 0.22083333333333333
5 0.171875 0.6104166666666667 0.05625 0.22083333333333333
5 0.24375 0.6104166666666667 0.05625 0.22083333333333333
5 0.315625 0.6104166666666667 0.05625 0.22083333333333333
5 0.3875 0.6104166666666667 0.05625 0.22083333333333333
5 0.459375 0.6104166666666667 0.05625 0.22083333333333333
5 0.53125 0.6104166666666667 0.05625 0.22083333333333333
5 0.603125 0.6104166666666667 0.05625 0.22083333333333333
5 0.675 0.6104166666666667 0.05625 0.22083333333333333
5 0.746875 0.6104166666666667 0.05625 0.22083333333333333
5 0.81875 0.6104166666666667 0.05625 0.22083333333333333
5 0.890625 0.6104166666666667 0.05625 0.22083333333333333
5 0.9625 0.6104166666666667 0.05625 0.22083333333333333
5 0.028125 0.8604166666666667 0.05625 0.22083333333333333
5 0.1 0.8604166666666667 0.05625 0.22083333333333333
5 0.171875 0.8604166666666667 0.05625 0.22083333333333333
