9 0.03125 0.11041666666666666 0.0625 0.22083333333333333
9 0.109375 0.11041666666666666 0.0625 0.22083333333333333
9 0.1875 0.11041666666666666 0.0625 0.22083333333333333
9 0.265625 0.11041666666666666 0.0625 0.22083333333333333
9 0.34375 0.11041666666666666 0.0625 0.22083333333333333
9 0.421875 0.11041666666666666 0.0625 0.22083333333333333
9 0.5 0.11041666666666666 0.0625 0.22083333333333333
9 0.578125 0.11041666666666666 0.0625 0.22083333333333333
9 0.65625 0.11041666666666666 0.0625 0.22083333333333333
9 0.734375 0.11041666666666666 0.0625 0.22083333333333333
9 0.8125 0.11041666666666666 0.0625 0.22083333333333333
9 0.890625 0.11041666666666666 0.0625 0.22083333333333333
9 0.03125 0.36041666666666666 0.0625 0.22083333333333333
9 0.109375 0.36041666666666666 0.0625 0.22083333333333333
9 0.1875 0.36041666666666666 0.0625 0.22083333333333333
9 0.265625 0.36041666666666666 0.0625 0.22083333333333333
9 0.34375 0.36041666666666666 0.0625 0.22083333333333333
9 0.421875 0.36041666666666666 0.0625 0.22083333333333333
9 0.5 0.36041666666666666 0.0625 0.22083333333333333
9 0.578125 0.36041666666666666 0.0625 0.22083333333333333
7 0.65625 0.35833333333333334 0.0625 0.21666666666666667
7 0.734375 0.35833333333333334 0.0625 0.21666666666666667
7 0.8125 0.35833333333333334 0.0625 0.21666666666666667
7 0.890625 0.35833333333333334 0.0625 0.21666666666666667
7 0.03125 0.6083333333333333 0.0625 0.21666666666666667
7 0.109375 0.6083333333333333 0.0625 0.21666666666666667
7 0.1875 0.6083333333333333 0.0625 0.21666666666666667
7 0.265625 0.6083333333333333 0.0625 0.21666666666666667
7 0.34375 0.6083333333333333 0.0625 0.21666666666666667
7 0.421875 0.6083333333333333 0.0625 0.21666666666666667
7 0.5 0.6083333333333333 0.0625 0.21666666666666667
7 0.578125 0.6083333333333333 0.0625 0.21666666666666667
7 0.65625 0.6083333333333333 0.0625 0.21666666666666667
7 0.734375 0.6083333333333333 0.0625 0.21666666666666667
7 0.8125 0.6083333333333333 0.0625 0.21666666666666667
7 0.890625 0.6083333333333333 0.0625 0.21666666666666667
7 0.03125 0.8583333333333333 0.0625 0.21666666666666667
7 0.109375 0.8583333333333333 0.0625 0.21666666666666667
7 0.1875 0.8583333333333333 0.0625 0.21666666666666667
7 0.265625 0.8583333333333333 0.0625 0.21666666666666667
2 0.34375 0.8625 0.0625 0.225
2 0.421875 0.8625 0.0625 0.225
2 0.5 0.8625 0.0625 0.225
2 0.578125 0.8625 0.0625 0.225
2 0.65625 0.8625 0.0625 0.225
2 0.734375 0.8625 0.0625 0.225
2 0.8125 0.8625 0.0625 0.225
2 0.890625 0.8625 0.0625 0.225
