4 0.03125 0.10833333333333334 0.0625 0.21666666666666667
4 0.109375 0.10833333333333334 0.0625 0.21666666666666667
4 0.1875 0.10833333333333334 0.0625 0.21666666666666667
4 0.265625 0.10833333333333334 0.0625 0.21666666666666667
4 0.34375 0.10833333333333334 0.0625 0.21666666666666667
4 0.421875 0.10833333333333334 0.0625 0.21666666666666667
4 0.5 0.10833333333333334 0.0625 0.21666666666666667
4 0.578125 0.10833333333333334 0.0625 0.21666666666666667
4 0.65625 0.10833333333333334 0.0625 0.21666666666666667
4 0.734375 0.10833333333333334 0.0625 0.21666666666666667
4 0.8125 0.10833333333333334 0.0625 0.21666666666666667
4 0.890625 0.10833333333333334 0.0625 0.21666666666666667
4 0.03125 0.35833333333333334 0.0625 0.21666666666666667
4 0.109375 0.35833333333333334 0.0625 0.21666666666666667
4 0.1875 0.35833333333333334 0.0625 0.21666666666666667
4 0.265625 0.35833333333333334 0.0625 0.21666666666666667
4 0.34375 0.35833333333333334 0.0625 0.21666666666666667
4 0.421875 0.35833333333333334 0.0625 0.21666666666666667
4 0.5 0.35833333333333334 0.0625 0.21666666666666667
4 0.578125 0.35833333333333334 0.0625 0.21666666666666667
4 0.65625 0.35833333333333334 0.0625 0.21666666666666667
4 0.734375 0.35833333333333334 0.0625 0.21666666666666667
4 0.8125 0.35833333333333334 0.0625 0.21666666666666667
4 0.890625 0.35833333333333334 0.0625 0.21666666666666667
4 0.03125 0.6083333333333333 0.0625 0.21666666666666667
5 0.1046875 0.6104166666666667 0.053125 0.22083333333333333
5 0.1734375 0.6104166666666667 0.053125 0.22083333333333333
5 0.2421875 0.6104166666666667 0.053125 0.22083333333333333
5 0.3109375 0.6104166666666667 0.053125 0.22083333333333333
5 0.3796875 0.6104166666666667 0.053125 0.22083333333333333
5 0.4484375 0.6104166666666667 0.053125 0.22083333333333333
5 0.5171875 0.6104166666666667 0.053125 0.22083333333333333
5 0.5859375 0.6104166666666667 0.053125 0.22083333333333333
5 0.6546875 0.6104166666666667 0.053125 0.22083333333333333
5 0.7234375 0.6104166666666667 0.053125 0.22083333333333333
5 0.7921875 0.6104166666666667 0.053125 0.22083333333333333
5 0.8609375 0.6104166666666667 0.053125 0.22083333333333333
5 0.9296875 0.6104166666666667 0.053125 0.22083333333333333
5 0.0265625 0.8604166666666667 0.053125 0.22083333333333333
5 0.0953125 0.8604166666666667 0.053125 0.22083333333333333
5 0.1640625 0.8604166666666667 0.053125 0.22083333333333333
5 0.2328125 0.8604166666666667 0.053125 0.22083333333333333
5 0.3015625 0.8604166666666667 0.053125 0.22083333333333333
5 0.3703125 0.8604166666666667 0.053125 0.22083333333333333
5 0.4390625 0.8604166666666667 0.053125 0.22083333333333333
6 0.509375 0.8583333333333333 0.05625 0.21666666666666667
6 0.58125 0.8583333333333333 0.05625 0.21666666666666667
6 0.653125 0.8583333333333333 0.05625 0.21666666666666667
6 0.725 0.8583333333333333 0.05625 0.21666666666666667
6 0.796875 0.8583333333333333 0.05625 0.21666666666666667
6 0.86875 0.8583333333333333 0.05625 0.21666666666666667
6 0.940625 0.8583333333333333 0.05625 0.21666666666666667
