1 0.0171875 0.11041666666666666 0.034375 0.22083333333333333
1 0.0671875 0.11041666666666666 0.034375 0.22083333333333333
1 0.1171875 0.11041666666666666 0.034375 0.22083333333333333
1 0.1671875 0.11041666666666666 0.034375 0.22083333333333333
2 0.23125 0.1125 0.0625 0.225
2 0.309375 0.1125 0.0625 0.225
2 0.3875 0.1125 0.0625 0.225
2 0.465625 0.1125 0.0625 0.225
2 0.54375 0.1125 0.0625 0.225
2 0.621875 0.1125 0.0625 0.225
2 0.7 0.1125 0.0625 0.225
2 0.778125 0.1125 0.0625 0.225
2 0.85625 0.1125 0.0625 0.225
2 0.934375 0.1125 0.0625 0.225
2 0.03125 0.3625 0.0625 0.225
2 0.109375 0.3625 0.0625 0.225
5 0.1859375 0.3645833333333333 0.059375 0.22916666666666666
5 0.2609375 0.3645833333333333 0.059375 0.22916666666666666
5 0.3359375 0.3645833333333333 0.059375 0.22916666666666666
5 0.4109375 0.3645833333333333 0.059375 0.22916666666666666
5 0.4859375 0.3645833333333333 0.059375 0.22916666666666666
5 0.5609375 0.3645833333333333 0.059375 0.22916666666666666
5 0.6359375 0.3645833333333333 0.059375 0.22916666666666666
5 0.7109375 0.3645833333333333 0.059375 0.22916666666666666
5 0.7859375 0.3645833333333333 0.059375 0.22916666666666666
5 0.8609375 0.3645833333333333 0.059375 0.22916666666666666
5 0.9359375 0.3645833333333333 0.059375 0.22916666666666666
5 0.0296875 0.6145833333333334 0.059375 0.22916666666666666
5 0.1046875 0.6145833333333334 0.059375 0.22916666666666666
5 0.1796875 0.6145833333333334 0.059375 0.22916666666666666
5 0.2546875 0.6145833333333334 0.059375 0.22916666666666666
5 0.3296875 0.6145833333333334 0.059375 0.22916666666666666
5 0.4046875 0.6145833333333334 0.059375 0.22916666666666666
5 0.4796875 0.6145833333333334 0.059375 0.22916666666666666
5 0.5546875 0.6145833333333334 0.059375 0.22916666666666666
5 0.6296875 0.6145833333333334 0.059375 0.22916666666666666
4 0.7078125 0.61875 0.065625 0.2375
4 0.7890625 0.61875 0.065625 0.2375
4 0.8703125 0.61875 0.065625 0.2375
4 0.9515625 0.61875 0.065625 0.2375
4 0.0328125 0.86875 0.065625 0.2375
4 0.1140625 0.86875 0.065625 0.2375
4 0.1953125 0.86875 0.065625 0.2375
4 0.2765625 0.86875 0.065625 0.2375
4 0.3578125 0.86875 0.065625 0.2375
4 0.4390625 0.86875 0.065625 0.2375
4 0.5203125 0.86875 0.065625 0.2375
4 0.6015625 0.86875 0.065625 0.2375
4 0.6828125 0.86875 0.065625 0.2375
4 0.7640625 0.86875 0.065625 0.2375
4 0.8453125 0.86875 0.065625 0.2375
4 0.9265625 0.86875 0.065625 0.2375
