1 0.015625 0.10625 0.03125 0.2125
1 0.0625 0.10625 0.03125 0.2125
1 0.109375 0.10625 0.03125 0.2125
1 0.15625 0.10625 0.03125 0.2125
1 0.203125 0.10833333333333334 0.03125 0.21666666666666667
1 0.25 0.10833333333333334 0.03125 0.21666666666666667
1 0.296875 0.10833333333333334 0.03125 0.21666666666666667
1 0.34375 0.10833333333333334 0.03125 0.21666666666666667
1 0.3890625 0.10833333333333334 0.028125 0.21666666666666667
1 0.4328125 0.10833333333333334 0.028125 0.21666666666666667
1 0.4765625 0.10833333333333334 0.028125 0.21666666666666667
1 0.5203125 0.10833333333333334 0.028125 0.21666666666666667
