1 0.01875 0.11666666666666667 0.0375 0.23333333333333334
1 0.071875 0.11666666666666667 0.0375 0.23333333333333334
1 0.125 0.11666666666666667 0.0375 0.23333333333333334
1 0.178125 0.11666666666666667 0.0375 0.23333333333333334
3 0.2453125 0.11041666666666666 0.065625 0.22083333333333333
3 0.3265625 0.11041666666666666 0.065625 0.22083333333333333
3 0.4078125 0.11041666666666666 0.065625 0.22083333333333333
3 0.4890625 0.11041666666666666 0.065625 0.22083333333333333
3 0.5703125 0.11041666666666666 0.065625 0.22083333333333333
3 0.6515625 0.11041666666666666 0.065625 0.22083333333333333
3 0.7328125 0.11041666666666666 0.065625 0.22083333333333333
3 0.8140625 0.11041666666666666 0.065625 0.22083333333333333
3 0.8953125 0.11041666666666666 0.065625 0.22083333333333333
3 0.0328125 0.36041666666666666 0.065625 0.22083333333333333
3 0.1140625 0.36041666666666666 0.065625 0.22083333333333333
3 0.1953125 0.36041666666666666 0.065625 0.22083333333333333
3 0.2765625 0.36041666666666666 0.065625 0.22083333333333333
3 0.3578125 0.36041666666666666 0.065625 0.22083333333333333
3 0.4390625 0.36041666666666666 0.065625 0.22083333333333333
3 0.5203125 0.36041666666666666 0.065625 0.22083333333333333
3 0.6015625 0.36041666666666666 0.065625 0.22083333333333333
3 0.6828125 0.36041666666666666 0.065625 0.22083333333333333
3 0.7640625 0.36041666666666666 0.065625 0.22083333333333333
3 0.8453125 0.36041666666666666 0.065625 0.22083333333333333
