2 0.03125 0.10833333333333334 0.0625 0.21666666666666667
2 0.109375 0.10833333333333334 0.0625 0.21666666666666667
2 0.1875 0.10833333333333334 0.0625 0.21666666666666667
2 0.265625 0.10833333333333334 0.0625 0.21666666666666667
2 0.34375 0.10833333333333334 0.0625 0.21666666666666667
2 0.421875 0.10833333333333334 0.0625 0.21666666666666667
2 0.5 0.10833333333333334 0.0625 0.21666666666666667
2 0.578125 0.10833333333333334 0.0625 0.21666666666666667
2 0.65625 0.10833333333333334 0.0625 0.21666666666666667
2 0.734375 0.10833333333333334 0.0625 0.21666666666666667
2 0.8125 0.10833333333333334 0.0625 0.21666666666666667
2 0.890625 0.10833333333333334 0.0625 0.21666666666666667
2 0.03125 0.35625 0.0625 0.2125
2 0.109375 0.35625 0.0625 0.2125
2 0.1875 0.35625 0.0625 0.2125
2 0.265625 0.35625 0.0625 0.2125
2 0.34375 0.35625 0.0625 0.2125
2 0.421875 0.35625 0.0625 0.2125
2 0.5 0.35625 0.0625 0.2125
2 0.578125 0.35625 0.0625 0.2125
2 0.65625 0.35625 0.0625 0.2125
2 0.734375 0.35625 0.0625 0.2125
2 0.8125 0.35625 0.0625 0.2125
2 0.890625 0.35625 0.0625 0.2125
4 0.965625 0.3645833333333333 0.05625 0.22916666666666666
4 0.028125 0.6145833333333334 0.05625 0.22916666666666666
4 0.1 0.6145833333333334 0.05625 0.22916666666666666
4 0.171875 0.6145833333333334 0.05625 0.22916666666666666
4 0.24375 0.6145833333333334 0.05625 0.22916666666666666
4 0.315625 0.6145833333333334 0.05625 0.22916666666666666
4 0.3875 0.6145833333333334 0.05625 0.22916666666666666
4 0.459375 0.6145833333333334 0.05625 0.22916666666666666
4 0.53125 0.6145833333333334 0.05625 0.22916666666666666
4 0.603125 0.6145833333333334 0.05625 0.22916666666666666
4 0.675 0.6145833333333334 0.05625 0.22916666666666666
4 0.746875 0.6145833333333334 0.05625 0.22916666666666666
4 0.81875 0.6145833333333334 0.05625 0.22916666666666666
4 0.890625 0.6145833333333334 0.05625 0.22916666666666666
4 0.9625 0.6145833333333334 0.05625 0.22916666666666666
4 0.028125 0.8645833333333334 0.05625 0.22916666666666666
4 0.1 0.8645833333333334 0.05625 0.22916666666666666
4 0.171875 0.8645833333333334 0.05625 0.22916666666666666
4 0.24375 0.8645833333333334 0.05625 0.22916666666666666
4 0.315625 0.8645833333333334 0.05625 0.22916666666666666
4 0.3875 0.8645833333333334 0.05625 0.22916666666666666
4 0.459375 0.8645833333333334 0.05625 0.22916666666666666
4 0.53125 0.8645833333333334 0.05625 0.22916666666666666
4 0.603125 0.8645833333333334 0.05625 0.22916666666666666
4 0.675 0.8645833333333334 0.05625 0.22916666666666666
