1 0.0171875 0.1125 0.034375 0.225
1 0.0671875 0.1125 0.034375 0.225
1 0.1171875 0.1125 0.034375 0.225
1 0.1671875 0.1125 0.034375 0.225
1 0.2203125 0.11458333333333333 0.040625 0.22916666666666666
1 0.2765625 0.11458333333333333 0.040625 0.22916666666666666
1 0.3328125 0.11458333333333333 0.040625 0.22916666666666666
1 0.3890625 0.11458333333333333 0.040625 0.22916666666666666
4 0.453125 0.1125 0.05625 0.225
4 0.525 0.1125 0.05625 0.225
4 0.596875 0.1125 0.05625 0.225
4 0.66875 0.1125 0.05625 0.225
4 0.740625 0.1125 0.05625 0.225
4 0.8125 0.1125 0.05625 0.225
4 0.884375 0.1125 0.05625 0.225
4 0.95625 0.1125 0.05625 0.225
4 0.028125 0.3625 0.05625 0.225
4 0.1 0.3625 0.05625 0.225
4 0.171875 0.3625 0.05625 0.225
4 0.24375 0.3625 0.05625 0.225
4 0.315625 0.3625 0.05625 0.225
4 0.3875 0.3625 0.05625 0.225
4 0.459375 0.3625 0.05625 0.225
4 0.53125 0.3625 0.05625 0.225
4 0.603125 0.3625 0.05625 0.225
4 0.675 0.3625 0.05625 0.225
4 0.746875 0.3625 0.05625 0.225
4 0.81875 0.3625 0.05625 0.225
4 0.890625 0.3625 0.05625 0.225
4 0.9625 0.3625 0.05625 0.225
4 0.028125 0.6125 0.05625 0.225
4 0.1 0.6125 0.05625 0.225
4 0.171875 0.6125 0.05625 0.225
