1 0.015625 0.10625 0.03125 0.2125
1 0.0625 0.10625 0.03125 0.2125
1 0.109375 0.10625 0.03125 0.2125
1 0.15625 0.10625 0.03125 0.2125
4 0.21875 0.11458333333333333 0.0625 0.22916666666666666
4 0.296875 0.11458333333333333 0.0625 0.22916666666666666
4 0.375 0.11458333333333333 0.0625 0.22916666666666666
4 0.453125 0.11458333333333333 0.0625 0.22916666666666666
4 0.53125 0.11458333333333333 0.0625 0.22916666666666666
4 0.609375 0.11458333333333333 0.0625 0.22916666666666666
4 0.6875 0.11458333333333333 0.0625 0.22916666666666666
4 0.765625 0.11458333333333333 0.0625 0.22916666666666666
4 0.84375 0.11458333333333333 0.0625 0.22916666666666666
4 0.921875 0.11458333333333333 0.0625 0.22916666666666666
4 0.03125 0.3645833333333333 0.0625 0.22916666666666666
4 0.109375 0.3645833333333333 0.0625 0.22916666666666666
4 0.1875 0.3645833333333333 0.0625 0.22916666666666666
4 0.265625 0.3645833333333333 0.0625 0.22916666666666666
4 0.34375 0.3645833333333333 0.0625 0.22916666666666666
4 0.421875 0.3645833333333333 0.0625 0.22916666666666666
4 0.5 0.3645833333333333 0.0625 0.22916666666666666
4 0.578125 0.3645833333333333 0.0625 0.22916666666666666
4 0.65625 0.3645833333333333 0.0625 0.22916666666666666
4 0.734375 0.3645833333333333 0.0625 0.22916666666666666
4 0.8125 0.3645833333333333 0.0625 0.22916666666666666
4 0.890625 0.3645833333333333 0.0625 0.22916666666666666
4 0.03125 0.6145833333333334 0.0625 0.22916666666666666
4 0.109375 0.6145833333333334 0.0625 0.22916666666666666
4 0.1875 0.6145833333333334 0.0625 0.22916666666666666
3 0.2640625 0.6145833333333334 0.059375 0.22916666666666666
3 0.3390625 0.6145833333333334 0.059375 0.22916666666666666
3 0.4140625 0.6145833333333334 0.059375 0.22916666666666666
3 0.4890625 0.6145833333333334 0.059375 0.22916666666666666
3 0.5640625 0.6145833333333334 0.059375 0.22916666666666666
3 0.6390625 0.6145833333333334 0.059375 0.22916666666666666
3 0.7140625 0.6145833333333334 0.059375 0.22916666666666666
3 0.7890625 0.6145833333333334 0.059375 0.22916666666666666
3 0.8640625 0.6145833333333334 0.059375 0.22916666666666666
3 0.9390625 0.6145833333333334 0.059375 0.22916666666666666
3 0.0296875 0.8645833333333334 0.059375 0.22916666666666666
3 0.1046875 0.8645833333333334 0.059375 0.22916666666666666
3 0.1796875 0.8645833333333334 0.059375 0.22916666666666666
3 0.2546875 0.8645833333333334 0.059375 0.22916666666666666
3 0.3296875 0.8645833333333334 0.059375 0.22916666666666666
3 0.4046875 0.8645833333333334 0.059375 0.22916666666666666
3 0.4796875 0.8645833333333334 0.059375 0.22916666666666666
3 0.5546875 0.8645833333333334 0.059375 0.22916666666666666
3 0.6296875 0.8645833333333334 0.059375 0.22916666666666666
3 0.7046875 0.8645833333333334 0.059375 0.22916666666666666
