1 0.01875 0.10833333333333334 0.0375 0.21666666666666667
1 0.071875 0.10833333333333334 0.0375 0.21666666666666667
1 0.125 0.10833333333333334 0.0375 0.21666666666666667
1 0.178125 0.10833333333333334 0.0375 0.21666666666666667
6 0.24375 0.10833333333333334 0.0625 0.21666666666666667
6 0.321875 0.10833333333333334 0.0625 0.21666666666666667
6 0.4 0.10833333333333334 0.0625 0.21666666666666667
6 0.478125 0.10833333333333334 0.0625 0.21666666666666667
6 0.55625 0.10833333333333334 0.0625 0.21666666666666667
6 0.634375 0.10833333333333334 0.0625 0.21666666666666667
6 0.7125 0.10833333333333334 0.0625 0.21666666666666667
6 0.790625 0.10833333333333334 0.0625 0.21666666666666667
6 0.86875 0.10833333333333334 0.0625 0.21666666666666667
6 0.946875 0.10833333333333334 0.0625 0.21666666666666667
6 0.03125 0.35833333333333334 0.0625 0.21666666666666667
6 0.109375 0.35833333333333334 0.0625 0.21666666666666667
6 0.1875 0.35833333333333334 0.0625 0.21666666666666667
6 0.265625 0.35833333333333334 0.0625 0.21666666666666667
6 0.34375 0.35833333333333334 0.0625 0.21666666666666667
1 0.4078125 0.3541666666666667 0.034375 0.20833333333333334
1 0.4578125 0.3541666666666667 0.034375 0.20833333333333334
1 0.5078125 0.3541666666666667 0.034375 0.20833333333333334
1 0.5578125 0.3541666666666667 0.034375 0.20833333333333334
