1 0.01875 0.1125 0.0375 0.225
1 0.071875 0.1125 0.0375 0.225
1 0.125 0.1125 0.0375 0.225
1 0.178125 0.1125 0.0375 0.225
6 0.24375 0.11041666666666666 0.0625 0.22083333333333333
6 0.321875 0.11041666666666666 0.0625 0.22083333333333333
6 0.4 0.11041666666666666 0.0625 0.22083333333333333
6 0.478125 0.11041666666666666 0.0625 0.22083333333333333
6 0.55625 0.11041666666666666 0.0625 0.22083333333333333
6 0.634375 0.11041666666666666 0.0625 0.22083333333333333
6 0.7125 0.11041666666666666 0.0625 0.22083333333333333
6 0.790625 0.11041666666666666 0.0625 0.22083333333333333
6 0.86875 0.11041666666666666 0.0625 0.22083333333333333
6 0.946875 0.11041666666666666 0.0625 0.22083333333333333
6 0.03125 0.36041666666666666 0.0625 0.22083333333333333
6 0.109375 0.36041666666666666 0.0625 0.22083333333333333
6 0.1875 0.36041666666666666 0.0625 0.22083333333333333
6 0.265625 0.36041666666666666 0.0625 0.22083333333333333
6 0.34375 0.36041666666666666 0.0625 0.22083333333333333
7 0.41875 0.35208333333333336 0.05625 0.20416666666666666
7 0.490625 0.35208333333333336 0.05625 0.20416666666666666
7 0.5625 0.35208333333333336 0.05625 0.20416666666666666
7 0.634375 0.35208333333333336 0.05625 0.20416666666666666
7 0.70625 0.35208333333333336 0.05625 0.20416666666666666
7 0.778125 0.35208333333333336 0.05625 0.20416666666666666
7 0.85 0.35208333333333336 0.05625 0.20416666666666666
7 0.921875 0.35208333333333336 0.05625 0.20416666666666666
7 0.028125 0.6020833333333333 0.05625 0.20416666666666666
7 0.1 0.6020833333333333 0.05625 0.20416666666666666
7 0.171875 0.6020833333333333 0.05625 0.20416666666666666
7 0.24375 0.6020833333333333 0.05625 0.20416666666666666
7 0.315625 0.6020833333333333 0.05625 0.20416666666666666
7 0.3875 0.6020833333333333 0.05625 0.20416666666666666
7 0.459375 0.6020833333333333 0.05625 0.20416666666666666
7 0.53125 0.6020833333333333 0.05625 0.20416666666666666
7 0.603125 0.6020833333333333 0.05625 0.20416666666666666
7 0.675 0.6020833333333333 0.05625 0.20416666666666666
7 0.746875 0.6020833333333333 0.05625 0.20416666666666666
7 0.81875 0.6020833333333333 0.05625 0.20416666666666666
