5 0.028125 0.1125 0.05625 0.225
5 0.1 0.1125 0.05625 0.225
5 0.171875 0.1125 0.05625 0.225
5 0.24375 0.1125 0.05625 0.225
5 0.315625 0.1125 0.05625 0.225
5 0.3875 0.1125 0.05625 0.225
5 0.459375 0.1125 0.05625 0.225
5 0.53125 0.1125 0.05625 0.225
5 0.603125 0.1125 0.05625 0.225
5 0.675 0.1125 0.05625 0.225
5 0.746875 0.1125 0.05625 0.225
5 0.81875 0.1125 0.05625 0.225
5 0.890625 0.1125 0.05625 0.225
5 0.9625 0.1125 0.05625 0.225
5 0.028125 0.3625 0.05625 0.225
5 0.1 0.3625 0.05625 0.225
5 0.171875 0.3625 0.05625 0.225
5 0.24375 0.3625 0.05625 0.225
5 0.315625 0.3625 0.05625 0.225
5 0.3875 0.3625 0.05625 0.225
6 0.459375 0.35833333333333334 0.05625 0.21666666666666667
6 0.53125 0.35833333333333334 0.05625 0.21666666666666667
6 0.603125 0.35833333333333334 0.05625 0.21666666666666667
6 0.675 0.35833333333333334 0.05625 0.21666666666666667
6 0.746875 0.35833333333333334 0.05625 0.21666666666666667
6 0.81875 0.35833333333333334 0.05625 0.21666666666666667
6 0.890625 0.35833333333333334 0.05625 0.21666666666666667
6 0.9625 0.35833333333333334 0.05625 0.21666666666666667
6 0.028125 0.6083333333333333 0.05625 0.21666666666666667
6 0.1 0.6083333333333333 0.05625 0.21666666666666667
6 0.171875 0.6083333333333333 0.05625 0.21666666666666667
6 0.24375 0.6083333333333333 0.05625 0.21666666666666667
6 0.315625 0.6083333333333333 0.05625 0.21666666666666667
6 0.3875 0.6083333333333333 0.05625 0.21666666666666667
6 0.459375 0.6083333333333333 0.05625 0.21666666666666667
7 0.53125 0.6166666666666667 0.05625 0.23333333333333334
7 0.603125 0.6166666666666667 0.05625 0.23333333333333334
7 0.675 0.6166666666666667 0.05625 0.23333333333333334
7 0.746875 0.6166666666666667 0.05625 0.23333333333333334
7 0.81875 0.6166666666666667 0.05625 0.23333333333333334
7 0.890625 0.6166666666666667 0.05625 0.23333333333333334
7 0.9625 0.6166666666666667 0.05625 0.23333333333333334
7 0.028125 0.8666666666666667 0.05625 0.23333333333333334
7 0.1 0.8666666666666667 0.05625 0.23333333333333334
7 0.171875 0.8666666666666667 0.05625 0.23333333333333334
7 0.24375 0.8666666666666667 0.05625 0.23333333333333334
7 0.315625 0.8666666666666667 0.05625 0.23333333333333334
7 0.3875 0.8666666666666667 0.05625 0.23333333333333334
7 0.459375 0.8666666666666667 0.05625 0.23333333333333334
7 0.53125 0.8666666666666667 0.05625 0.23333333333333334
7 0.603125 0.8666666666666667 0.05625 0.23333333333333334
7 0.675 0.8666666666666667 0.05625 0.23333333333333334
7 0.746875 0.8666666666666667 0.05625 0.23333333333333334
7 0.81875 0.8666666666666667 0.05625 0.23333333333333334
7 0.890625 0.8666666666666667 0.05625 0.23333333333333334
