1 0.0171875 0.11041666666666666 0.034375 0.22083333333333333
1 0.0671875 0.11041666666666666 0.034375 0.22083333333333333
1 0.1171875 0.11041666666666666 0.034375 0.22083333333333333
1 0.1671875 0.11041666666666666 0.034375 0.22083333333333333
1 0.2171875 0.10833333333333334 0.034375 0.21666666666666667
1 0.2671875 0.10833333333333334 0.034375 0.21666666666666667
1 0.3171875 0.10833333333333334 0.034375 0.21666666666666667
1 0.3671875 0.10833333333333334 0.034375 0.21666666666666667
5 0.428125 0.1125 0.05625 0.225
5 0.5 0.1125 0.05625 0.225
5 0.571875 0.1125 0.05625 0.225
5 0.64375 0.1125 0.05625 0.225
5 0.715625 0.1125 0.05625 0.225
5 0.7875 0.1125 0.05625 0.225
5 0.859375 0.1125 0.05625 0.225
5 0.93125 0.1125 0.05625 0.225
5 0.028125 0.3625 0.05625 0.225
5 0.1 0.3625 0.05625 0.225
5 0.171875 0.3625 0.05625 0.225
5 0.24375 0.3625 0.05625 0.225
5 0.315625 0.3625 0.05625 0.225
5 0.3875 0.3625 0.05625 0.225
5 0.459375 0.3625 0.05625 0.225
5 0.53125 0.3625 0.05625 0.225
5 0.603125 0.3625 0.05625 0.225
5 0.675 0.3625 0.05625 0.225
5 0.746875 0.3625 0.05625 0.225
5 0.81875 0.3625 0.05625 0.225
