3 0.028125 0.10833333333333334 0.05625 0.21666666666666667
3 0.1 0.10833333333333334 0.05625 0.21666666666666667
3 0.171875 0.10833333333333334 0.05625 0.21666666666666667
3 0.24375 0.10833333333333334 0.05625 0.21666666666666667
3 0.315625 0.10833333333333334 0.05625 0.21666666666666667
3 0.3875 0.10833333333333334 0.05625 0.21666666666666667
3 0.459375 0.10833333333333334 0.05625 0.21666666666666667
3 0.53125 0.10833333333333334 0.05625 0.21666666666666667
3 0.603125 0.10833333333333334 0.05625 0.21666666666666667
3 0.675 0.10833333333333334 0.05625 0.21666666666666667
3 0.746875 0.10833333333333334 0.05625 0.21666666666666667
3 0.81875 0.10833333333333334 0.05625 0.21666666666666667
3 0.890625 0.10833333333333334 0.05625 0.21666666666666667
3 0.9625 0.10833333333333334 0.05625 0.21666666666666667
3 0.028125 0.35833333333333334 0.05625 0.21666666666666667
3 0.1 0.35833333333333334 0.05625 0.21666666666666667
3 0.171875 0.35833333333333334 0.05625 0.21666666666666667
3 0.24375 0.35833333333333334 0.05625 0.21666666666666667
3 0.315625 0.35833333333333334 0.05625 0.21666666666666667
3 0.3875 0.35833333333333334 0.05625 0.21666666666666667
9 0.4609375 0.36041666666666666 0.059375 0.22083333333333333
9 0.5359375 0.36041666666666666 0.059375 0.22083333333333333
9 0.6109375 0.36041666666666666 0.059375 0.22083333333333333
9 0.6859375 0.36041666666666666 0.059375 0.22083333333333333
9 0.7609375 0.36041666666666666 0.059375 0.22083333333333333
9 0.8359375 0.36041666666666666 0.059375 0.22083333333333333
9 0.9109375 0.36041666666666666 0.059375 0.22083333333333333
9 0.0296875 0.6104166666666667 0.059375 0.22083333333333333
9 0.1046875 0.6104166666666667 0.059375 0.22083333333333333
9 0.1796875 0.6104166666666667 0.059375 0.22083333333333333
9 0.2546875 0.6104166666666667 0.059375 0.22083333333333333
9 0.3296875 0.6104166666666667 0.059375 0.22083333333333333
9 0.4046875 0.6104166666666667 0.059375 0.22083333333333333
9 0.4796875 0.6104166666666667 0.059375 0.22083333333333333
9 0.5546875 0.6104166666666667 0.059375 0.22083333333333333
9 0.6296875 0.6104166666666667 0.059375 0.22083333333333333
9 0.7046875 0.6104166666666667 0.059375 0.22083333333333333
9 0.7796875 0.6104166666666667 0.059375 0.22083333333333333
9 0.8546875 0.6104166666666667 0.059375 0.22083333333333333
9 0.9296875 0.6104166666666667 0.059375 0.22083333333333333
