1 0.015625 0.1125 0.03125 0.225
1 0.0625 0.1125 0.03125 0.225
1 0.109375 0.1125 0.03125 0.225
1 0.15625 0.1125 0.03125 0.225
6 0.2171875 0.11458333333333333 0.059375 0.22916666666666666
6 0.2921875 0.11458333333333333 0.059375 0.22916666666666666
6 0.3671875 0.11458333333333333 0.059375 0.22916666666666666
6 0.4421875 0.11458333333333333 0.059375 0.22916666666666666
6 0.5171875 0.11458333333333333 0.059375 0.22916666666666666
6 0.5921875 0.11458333333333333 0.059375 0.22916666666666666
6 0.6671875 0.11458333333333333 0.059375 0.22916666666666666
6 0.7421875 0.11458333333333333 0.059375 0.22916666666666666
6 0.8171875 0.11458333333333333 0.059375 0.22916666666666666
6 0.8921875 0.11458333333333333 0.059375 0.22916666666666666
6 0.9671875 0.11458333333333333 0.059375 0.22916666666666666
6 0.0296875 0.3645833333333333 0.059375 0.22916666666666666
6 0.1046875 0.3645833333333333 0.059375 0.22916666666666666
6 0.1796875 0.3645833333333333 0.059375 0.22916666666666666
6 0.2546875 0.3645833333333333 0.059375 0.22916666666666666
