1 0.015625 0.11041666666666666 0.03125 0.22083333333333333
1 0.0625 0.11041666666666666 0.03125 0.22083333333333333
1 0.109375 0.11041666666666666 0.03125 0.22083333333333333
1 0.15625 0.11041666666666666 0.03125 0.22083333333333333
5 0.2171875 0.11041666666666666 0.059375 0.22083333333333333
5 0.2921875 0.11041666666666666 0.059375 0.22083333333333333
5 0.3671875 0.11041666666666666 0.059375 0.22083333333333333
5 0.4421875 0.11041666666666666 0.059375 0.22083333333333333
5 0.5171875 0.11041666666666666 0.059375 0.22083333333333333
5 0.5921875 0.11041666666666666 0.059375 0.22083333333333333
5 0.6671875 0.11041666666666666 0.059375 0.22083333333333333
5 0.7421875 0.11041666666666666 0.059375 0.22083333333333333
5 0.8171875 0.11041666666666666 0.059375 0.22083333333333333
5 0.8921875 0.11041666666666666 0.059375 0.22083333333333333
5 0.9671875 0.11041666666666666 0.059375 0.22083333333333333
5 0.0296875 0.36041666666666666 0.059375 0.22083333333333333
5 0.1046875 0.36041666666666666 0.059375 0.22083333333333333
5 0.1796875 0.36041666666666666 0.059375 0.22083333333333333
5 0.2546875 0.36041666666666666 0.059375 0.22083333333333333
5 0.3296875 0.36041666666666666 0.059375 0.22083333333333333
5 0.4046875 0.36041666666666666 0.059375 0.22083333333333333
5 0.4796875 0.36041666666666666 0.059375 0.22083333333333333
5 0.5546875 0.36041666666666666 0.059375 0.22083333333333333
5 0.6296875 0.36041666666666666 0.059375 0.22083333333333333
7 0.7046875 0.3625 0.059375 0.225
7 0.7796875 0.3625 0.059375 0.225
7 0.8546875 0.3625 0.059375 0.225
7 0.9296875 0.3625 0.059375 0.225
7 0.0296875 0.6125 0.059375 0.225
7 0.1046875 0.6125 0.059375 0.225
7 0.1796875 0.6125 0.059375 0.225
7 0.2546875 0.6125 0.059375 0.225
7 0.3296875 0.6125 0.059375 0.225
7 0.4046875 0.6125 0.059375 0.225
7 0.4796875 0.6125 0.059375 0.225
7 0.5546875 0.6125 0.059375 0.225
7 0.6296875 0.6125 0.059375 0.225
7 0.7046875 0.6125 0.059375 0.225
7 0.7796875 0.6125 0.059375 0.225
7 0.8546875 0.6125 0.059375 0.225
7 0.9296875 0.6125 0.059375 0.225
7 0.0296875 0.8625 0.059375 0.225
7 0.1046875 0.8625 0.059375 0.225
7 0.1796875 0.8625 0.059375 0.225
