1 0.01875 0.11458333333333333 0.0375 0.22916666666666666
1 0.071875 0.11458333333333333 0.0375 0.22916666666666666
1 0.125 0.11458333333333333 0.0375 0.22916666666666666
1 0.178125 0.11458333333333333 0.0375 0.22916666666666666
2 0.24375 0.11041666666666666 0.0625 0.22083333333333333
2 0.321875 0.11041666666666666 0.0625 0.22083333333333333
2 0.4 0.11041666666666666 0.0625 0.22083333333333333
2 0.478125 0.11041666666666666 0.0625 0.22083333333333333
2 0.55625 0.11041666666666666 0.0625 0.22083333333333333
2 0.634375 0.11041666666666666 0.0625 0.22083333333333333
2 0.7125 0.11041666666666666 0.0625 0.22083333333333333
2 0.790625 0.11041666666666666 0.0625 0.22083333333333333
2 0.86875 0.11041666666666666 0.0625 0.22083333333333333
2 0.946875 0.11041666666666666 0.0625 0.22083333333333333
2 0.03125 0.36041666666666666 0.0625 0.22083333333333333
2 0.109375 0.36041666666666666 0.0625 0.22083333333333333
2 0.190625 0.3625 0.06875 0.225
2 0.275 0.3625 0.06875 0.225
2 0.359375 0.3625 0.06875 0.225
2 0.44375 0.3625 0.06875 0.225
2 0.528125 0.3625 0.06875 0.225
2 0.6125 0.3625 0.06875 0.225
2 0.696875 0.3625 0.06875 0.225
2 0.78125 0.3625 0.06875 0.225
2 0.865625 0.3625 0.06875 0.225
2 0.95 0.3625 0.06875 0.225
2 0.034375 0.6125 0.06875 0.225
2 0.11875 0.6125 0.06875 0.225
