1 0.015625 0.1125 0.03125 0.225
1 0.0625 0.1125 0.03125 0.225
1 0.109375 0.1125 0.03125 0.225
1 0.15625 0.1125 0.03125 0.225
6 0.2171875 0.11041666666666666 0.059375 0.22083333333333333
6 0.2921875 0.11041666666666666 0.059375 0.22083333333333333
6 0.3671875 0.11041666666666666 0.059375 0.22083333333333333
6 0.4421875 0.11041666666666666 0.059375 0.22083333333333333
6 0.5171875 0.11041666666666666 0.059375 0.22083333333333333
6 0.5921875 0.11041666666666666 0.059375 0.22083333333333333
6 0.6671875 0.11041666666666666 0.059375 0.22083333333333333
6 0.7421875 0.11041666666666666 0.059375 0.22083333333333333
6 0.8171875 0.11041666666666666 0.059375 0.22083333333333333
6 0.8921875 0.11041666666666666 0.059375 0.22083333333333333
6 0.9671875 0.11041666666666666 0.059375 0.22083333333333333
6 0.0296875 0.36041666666666666 0.059375 0.22083333333333333
6 0.1046875 0.36041666666666666 0.059375 0.22083333333333333
6 0.1796875 0.36041666666666666 0.059375 0.22083333333333333
6 0.2546875 0.36041666666666666 0.059375 0.22083333333333333
6 0.328125 0.36041666666666666 0.05625 0.22083333333333333
6 0.4 0.36041666666666666 0.05625 0.22083333333333333
6 0.471875 0.36041666666666666 0.05625 0.22083333333333333
6 0.54375 0.36041666666666666 0.05625 0.22083333333333333
6 0.615625 0.36041666666666666 0.05625 0.22083333333333333
6 0.6875 0.36041666666666666 0.05625 0.22083333333333333
6 0.759375 0.36041666666666666 0.05625 0.22083333333333333
6 0.83125 0.36041666666666666 0.05625 0.22083333333333333
6 0.903125 0.36041666666666666 0.05625 0.22083333333333333
6 0.028125 0.6104166666666667 0.05625 0.22083333333333333
6 0.1 0.6104166666666667 0.05625 0.22083333333333333
6 0.171875 0.6104166666666667 0.05625 0.22083333333333333
6 0.24375 0.6104166666666667 0.05625 0.22083333333333333
6 0.315625 0.6104166666666667 0.05625 0.22083333333333333
6 0.3875 0.6104166666666667 0.05625 0.22083333333333333
