1 0.0171875 0.11875 0.034375 0.2375
1 0.0671875 0.11875 0.034375 0.2375
1 0.1171875 0.11875 0.034375 0.2375
1 0.1671875 0.11875 0.034375 0.2375
2 0.234375 0.1125 0.06875 0.225
2 0.31875 0.1125 0.06875 0.225
2 0.403125 0.1125 0.06875 0.225
2 0.4875 0.1125 0.06875 0.225
2 0.571875 0.1125 0.06875 0.225
2 0.65625 0.1125 0.06875 0.225
2 0.740625 0.1125 0.06875 0.225
2 0.825 0.1125 0.06875 0.225
2 0.909375 0.1125 0.06875 0.225
2 0.034375 0.3625 0.06875 0.225
2 0.11875 0.3625 0.06875 0.225
2 0.203125 0.3625 0.06875 0.225
9 0.284375 0.3625 0.0625 0.225
9 0.3625 0.3625 0.0625 0.225
9 0.440625 0.3625 0.0625 0.225
9 0.51875 0.3625 0.0625 0.225
9 0.596875 0.3625 0.0625 0.225
9 0.675 0.3625 0.0625 0.225
9 0.753125 0.3625 0.0625 0.225
9 0.83125 0.3625 0.0625 0.225
9 0.909375 0.3625 0.0625 0.225
9 0.03125 0.6125 0.0625 0.225
9 0.109375 0.6125 0.0625 0.225
9 0.1875 0.6125 0.0625 0.225
9 0.265625 0.6125 0.0625 0.225
9 0.34375 0.6125 0.0625 0.225
9 0.421875 0.6125 0.0625 0.225
9 0.5 0.6125 0.0625 0.225
9 0.578125 0.6125 0.0625 0.225
9 0.65625 0.6125 0.0625 0.225
9 0.734375 0.6125 0.0625 0.225
9 0.8125 0.6125 0.0625 0.225
