1 0.015625 0.11041666666666666 0.03125 0.22083333333333333
1 0.0625 0.11041666666666666 0.03125 0.22083333333333333
1 0.109375 0.11041666666666666 0.03125 0.22083333333333333
1 0.15625 0.11041666666666666 0.03125 0.22083333333333333
7 0.21875 0.10208333333333333 0.0625 0.20416666666666666
7 0.296875 0.10208333333333333 0.0625 0.20416666666666666
7 0.375 0.10208333333333333 0.0625 0.20416666666666666
7 0.453125 0.10208333333333333 0.0625 0.20416666666666666
7 0.53125 0.10208333333333333 0.0625 0.20416666666666666
7 0.609375 0.10208333333333333 0.0625 0.20416666666666666
7 0.6875 0.10208333333333333 0.0625 0.20416666666666666
7 0.765625 0.10208333333333333 0.0625 0.20416666666666666
7 0.84375 0.10208333333333333 0.0625 0.20416666666666666
7 0.921875 0.10208333333333333 0.0625 0.20416666666666666
7 0.03125 0.35208333333333336 0.0625 0.20416666666666666
7 0.109375 0.35208333333333336 0.0625 0.20416666666666666
7 0.1875 0.35208333333333336 0.0625 0.20416666666666666
7 0.265625 0.35208333333333336 0.0625 0.20416666666666666
7 0.34375 0.35208333333333336 0.0625 0.20416666666666666
7 0.421875 0.35208333333333336 0.0625 0.20416666666666666
7 0.5 0.35208333333333336 0.0625 0.20416666666666666
7 0.578125 0.35208333333333336 0.0625 0.20416666666666666
7 0.65625 0.35208333333333336 0.0625 0.20416666666666666
7 0.734375 0.35208333333333336 0.0625 0.20416666666666666
