1 0.0234375 0.11041666666666666 0.046875 0.22083333333333333
1 0.0859375 0.11041666666666666 0.046875 0.22083333333333333
1 0.1484375 0.11041666666666666 0.046875 0.22083333333333333
1 0.2109375 0.11041666666666666 0.046875 0.22083333333333333
8 0.2796875 0.11041666666666666 0.059375 0.22083333333333333
8 0.3546875 0.11041666666666666 0.059375 0.22083333333333333
8 0.4296875 0.11041666666666666 0.059375 0.22083333333333333
8 0.5046875 0.11041666666666666 0.059375 0.22083333333333333
8 0.5796875 0.11041666666666666 0.059375 0.22083333333333333
8 0.6546875 0.11041666666666666 0.059375 0.22083333333333333
8 0.7296875 0.11041666666666666 0.059375 0.22083333333333333
8 0.8046875 0.11041666666666666 0.059375 0.22083333333333333
8 0.8796875 0.11041666666666666 0.059375 0.22083333333333333
8 0.9546875 0.11041666666666666 0.059375 0.22083333333333333
8 0.0296875 0.36041666666666666 0.059375 0.22083333333333333
8 0.1046875 0.36041666666666666 0.059375 0.22083333333333333
8 0.1796875 0.36041666666666666 0.059375 0.22083333333333333
8 0.2546875 0.36041666666666666 0.059375 0.22083333333333333
8 0.3296875 0.36041666666666666 0.059375 0.22083333333333333
8 0.4046875 0.36041666666666666 0.059375 0.22083333333333333
8 0.4796875 0.36041666666666666 0.059375 0.22083333333333333
8 0.5546875 0.36041666666666666 0.059375 0.22083333333333333
8 0.6296875 0.36041666666666666 0.059375 0.22083333333333333
8 0.7046875 0.36041666666666666 0.059375 0.22083333333333333
8 0.7796875 0.36041666666666666 0.059375 0.22083333333333333
8 0.8546875 0.36041666666666666 0.059375 0.22083333333333333
8 0.9296875 0.36041666666666666 0.059375 0.22083333333333333
2 0.0328125 0.6104166666666667 0.065625 0.22083333333333333
2 0.1140625 0.6104166666666667 0.065625 0.22083333333333333
2 0.1953125 0.6104166666666667 0.065625 0.22083333333333333
2 0.2765625 0.6104166666666667 0.065625 0.22083333333333333
2 0.3578125 0.6104166666666667 0.065625 0.22083333333333333
2 0.4390625 0.6104166666666667 0.065625 0.22083333333333333
2 0.5203125 0.6104166666666667 0.065625 0.22083333333333333
2 0.6015625 0.6104166666666667 0.065625 0.22083333333333333
2 0.6828125 0.6104166666666667 0.065625 0.22083333333333333
2 0.7640625 0.6104166666666667 0.065625 0.22083333333333333
2 0.8453125 0.6104166666666667 0.065625 0.22083333333333333
2 0.9265625 0.6104166666666667 0.065625 0.22083333333333333
