1 0.015625 0.11041666666666666 0.03125 0.22083333333333333
1 0.0625 0.11041666666666666 0.03125 0.22083333333333333
1 0.109375 0.11041666666666666 0.03125 0.22083333333333333
1 0.15625 0.11041666666666666 0.03125 0.22083333333333333
2 0.2203125 0.11041666666666666 0.065625 0.22083333333333333
2 0.3015625 0.11041666666666666 0.065625 0.22083333333333333
2 0.3828125 0.11041666666666666 0.065625 0.22083333333333333
2 0.4640625 0.11041666666666666 0.065625 0.22083333333333333
2 0.5453125 0.11041666666666666 0.065625 0.22083333333333333
2 0.6265625 0.11041666666666666 0.065625 0.22083333333333333
2 0.7078125 0.11041666666666666 0.065625 0.22083333333333333
2 0.7890625 0.11041666666666666 0.065625 0.22083333333333333
2 0.8703125 0.11041666666666666 0.065625 0.22083333333333333
2 0.9515625 0.11041666666666666 0.065625 0.22083333333333333
2 0.0328125 0.36041666666666666 0.065625 0.22083333333333333
2 0.1140625 0.36041666666666666 0.065625 0.22083333333333333
