9 0.03125 0.10833333333333334 0.0625 0.21666666666666667
9 0.109375 0.10833333333333334 0.0625 0.21666666666666667
9 0.1875 0.10833333333333334 0.0625 0.21666666666666667
9 0.265625 0.10833333333333334 0.0625 0.21666666666666667
9 0.34375 0.10833333333333334 0.0625 0.21666666666666667
9 0.421875 0.10833333333333334 0.0625 0.21666666666666667
9 0.5 0.10833333333333334 0.0625 0.21666666666666667
9 0.578125 0.10833333333333334 0.0625 0.21666666666666667
9 0.65625 0.10833333333333334 0.0625 0.21666666666666667
9 0.734375 0.10833333333333334 0.0625 0.21666666666666667
9 0.8125 0.10833333333333334 0.0625 0.21666666666666667
9 0.890625 0.10833333333333334 0.0625 0.21666666666666667
9 0.03125 0.35833333333333334 0.0625 0.21666666666666667
9 0.109375 0.35833333333333334 0.0625 0.21666666666666667
9 0.1875 0.35833333333333334 0.0625 0.21666666666666667
9 0.265625 0.35833333333333334 0.0625 0.21666666666666667
9 0.34375 0.35833333333333334 0.0625 0.21666666666666667
9 0.421875 0.35833333333333334 0.0625 0.21666666666666667
9 0.5 0.35833333333333334 0.0625 0.21666666666666667
9 0.578125 0.35833333333333334 0.0625 0.21666666666666667
8 0.65625 0.35625 0.0625 0.2125
8 0.734375 0.35625 0.0625 0.2125
8 0.8125 0.35625 0.0625 0.2125
8 0.890625 0.35625 0.0625 0.2125
8 0.03125 0.60625 0.0625 0.2125
8 0.109375 0.60625 0.0625 0.2125
8 0.1875 0.60625 0.0625 0.2125
8 0.265625 0.60625 0.0625 0.2125
8 0.34375 0.60625 0.0625 0.2125
8 0.421875 0.60625 0.0625 0.2125
8 0.5 0.60625 0.0625 0.2125
8 0.578125 0.60625 0.0625 0.2125
8 0.65625 0.60625 0.0625 0.2125
8 0.734375 0.60625 0.0625 0.2125
8 0.8125 0.60625 0.0625 0.2125
8 0.890625 0.60625 0.0625 0.2125
8 0.03125 0.85625 0.0625 0.2125
8 0.109375 0.85625 0.0625 0.2125
8 0.1875 0.85625 0.0625 0.2125
8 0.265625 0.85625 0.0625 0.2125
8 0.34375 0.85625 0.0625 0.2125
8 0.421875 0.85625 0.0625 0.2125
8 0.5 0.85625 0.0625 0.2125
5 0.578125 0.8645833333333334 0.0625 0.22916666666666666
5 0.65625 0.8645833333333334 0.0625 0.22916666666666666
5 0.734375 0.8645833333333334 0.0625 0.22916666666666666
5 0.8125 0.8645833333333334 0.0625 0.22916666666666666
5 0.890625 0.8645833333333334 0.0625 0.22916666666666666
