1 0.0203125 0.11458333333333333 0.040625 0.22916666666666666
1 0.0765625 0.11458333333333333 0.040625 0.22916666666666666
1 0.1328125 0.11458333333333333 0.040625 0.22916666666666666
1 0.1890625 0.11458333333333333 0.040625 0.22916666666666666
8 0.2515625 0.10833333333333334 0.053125 0.21666666666666667
8 0.3203125 0.10833333333333334 0.053125 0.21666666666666667
8 0.3890625 0.10833333333333334 0.053125 0.21666666666666667
8 0.4578125 0.10833333333333334 0.053125 0.21666666666666667
8 0.5265625 0.10833333333333334 0.053125 0.21666666666666667
8 0.5953125 0.10833333333333334 0.053125 0.21666666666666667
8 0.6640625 0.10833333333333334 0.053125 0.21666666666666667
8 0.7328125 0.10833333333333334 0.053125 0.21666666666666667
8 0.8015625 0.10833333333333334 0.053125 0.21666666666666667
8 0.8703125 0.10833333333333334 0.053125 0.21666666666666667
8 0.9390625 0.10833333333333334 0.053125 0.21666666666666667
8 0.0265625 0.35833333333333334 0.053125 0.21666666666666667
8 0.0953125 0.35833333333333334 0.053125 0.21666666666666667
8 0.1640625 0.35833333333333334 0.053125 0.21666666666666667
8 0.2328125 0.35833333333333334 0.053125 0.21666666666666667
8 0.3015625 0.35833333333333334 0.053125 0.21666666666666667
8 0.3703125 0.35833333333333334 0.053125 0.21666666666666667
8 0.4390625 0.35833333333333334 0.053125 0.21666666666666667
8 0.5078125 0.35833333333333334 0.053125 0.21666666666666667
8 0.5765625 0.35833333333333334 0.053125 0.21666666666666667
8 0.6453125 0.35833333333333334 0.053125 0.21666666666666667
8 0.7140625 0.35833333333333334 0.053125 0.21666666666666667
8 0.7828125 0.35833333333333334 0.053125 0.21666666666666667
2 0.8546875 0.36041666666666666 0.059375 0.22083333333333333
2 0.9296875 0.36041666666666666 0.059375 0.22083333333333333
2 0.0296875 0.6104166666666667 0.059375 0.22083333333333333
2 0.1046875 0.6104166666666667 0.059375 0.22083333333333333
2 0.1796875 0.6104166666666667 0.059375 0.22083333333333333
2 0.2546875 0.6104166666666667 0.059375 0.22083333333333333
2 0.3296875 0.6104166666666667 0.059375 0.22083333333333333
2 0.4046875 0.6104166666666667 0.059375 0.22083333333333333
2 0.4796875 0.6104166666666667 0.059375 0.22083333333333333
2 0.5546875 0.6104166666666667 0.059375 0.22083333333333333
2 0.6296875 0.6104166666666667 0.059375 0.22083333333333333
2 0.7046875 0.6104166666666667 0.059375 0.22083333333333333
