5 0.03125 0.1125 0.0625 0.225
5 0.109375 0.1125 0.0625 0.225
5 0.1875 0.1125 0.0625 0.225
5 0.265625 0.1125 0.0625 0.225
5 0.34375 0.1125 0.0625 0.225
5 0.421875 0.1125 0.0625 0.225
5 0.5 0.1125 0.0625 0.225
5 0.578125 0.1125 0.0625 0.225
5 0.65625 0.1125 0.0625 0.225
5 0.734375 0.1125 0.0625 0.225
5 0.8125 0.1125 0.0625 0.225
5 0.890625 0.1125 0.0625 0.225
5 0.03125 0.3625 0.0625 0.225
5 0.109375 0.3625 0.0625 0.225
5 0.1875 0.3625 0.0625 0.225
5 0.265625 0.3625 0.0625 0.225
5 0.34375 0.3625 0.0625 0.225
5 0.421875 0.3625 0.0625 0.225
5 0.5 0.3625 0.0625 0.225
5 0.578125 0.3625 0.0625 0.225
9 0.6546875 0.35208333333333336 0.059375 0.20416666666666666
9 0.7296875 0.35208333333333336 0.059375 0.20416666666666666
9 0.8046875 0.35208333333333336 0.059375 0.20416666666666666
9 0.8796875 0.35208333333333336 0.059375 0.20416666666666666
9 0.9546875 0.35208333333333336 0.059375 0.20416666666666666
9 0.0296875 0.6020833333333333 0.059375 0.20416666666666666
9 0.1046875 0.6020833333333333 0.059375 0.20416666666666666
9 0.1796875 0.6020833333333333 0.059375 0.20416666666666666
9 0.2546875 0.6020833333333333 0.059375 0.20416666666666666
9 0.3296875 0.6020833333333333 0.059375 0.20416666666666666
9 0.4046875 0.6020833333333333 0.059375 0.20416666666666666
9 0.4796875 0.6020833333333333 0.059375 0.20416666666666666
9 0.5546875 0.6020833333333333 0.059375 0.20416666666666666
9 0.6296875 0.6020833333333333 0.059375 0.20416666666666666
9 0.7046875 0.6020833333333333 0.059375 0.20416666666666666
9 0.7796875 0.6020833333333333 0.059375 0.20416666666666666
9 0.8546875 0.6020833333333333 0.059375 0.20416666666666666
9 0.9296875 0.6020833333333333 0.059375 0.20416666666666666
9 0.0296875 0.8520833333333333 0.059375 0.20416666666666666
9 0.1046875 0.8520833333333333 0.059375 0.20416666666666666
9 0.178125 0.85625 0.05625 0.2125
9 0.25 0.85625 0.05625 0.2125
9 0.321875 0.85625 0.05625 0.2125
9 0.39375 0.85625 0.05625 0.2125
9 0.465625 0.85625 0.05625 0.2125
9 0.5375 0.85625 0.05625 0.2125
9 0.609375 0.85625 0.05625 0.2125
9 0.68125 0.85625 0.05625 0.2125
9 0.753125 0.85625 0.05625 0.2125
9 0.825 0.85625 0.05625 0.2125
9 0.896875 0.85625 0.05625 0.2125
9 0.96875 0.85625 0.05625 0.2125
