9 0.0328125 0.10833333333333334 0.065625 0.21666666666666667
9 0.1140625 0.10833333333333334 0.065625 0.21666666666666667
9 0.1953125 0.10833333333333334 0.065625 0.21666666666666667
9 0.2765625 0.10833333333333334 0.065625 0.21666666666666667
9 0.3578125 0.10833333333333334 0.065625 0.21666666666666667
9 0.4390625 0.10833333333333334 0.065625 0.21666666666666667
9 0.5203125 0.10833333333333334 0.065625 0.21666666666666667
9 0.6015625 0.10833333333333334 0.065625 0.21666666666666667
9 0.6828125 0.10833333333333334 0.065625 0.21666666666666667
9 0.7640625 0.10833333333333334 0.065625 0.21666666666666667
9 0.8453125 0.10833333333333334 0.065625 0.21666666666666667
9 0.9265625 0.10833333333333334 0.065625 0.21666666666666667
9 0.0328125 0.35833333333333334 0.065625 0.21666666666666667
9 0.1140625 0.35833333333333334 0.065625 0.21666666666666667
9 0.1953125 0.35833333333333334 0.065625 0.21666666666666667
9 0.2765625 0.35833333333333334 0.065625 0.21666666666666667
9 0.3578125 0.35833333333333334 0.065625 0.21666666666666667
9 0.4390625 0.35833333333333334 0.065625 0.21666666666666667
9 0.5203125 0.35833333333333334 0.065625 0.21666666666666667
9 0.6015625 0.35833333333333334 0.065625 0.21666666666666667
7 0.68125 0.3625 0.0625 0.225
7 0.759375 0.3625 0.0625 0.225
7 0.8375 0.3625 0.0625 0.225
7 0.915625 0.3625 0.0625 0.225
7 0.03125 0.6125 0.0625 0.225
7 0.109375 0.6125 0.0625 0.225
7 0.1875 0.6125 0.0625 0.225
7 0.265625 0.6125 0.0625 0.225
7 0.34375 0.6125 0.0625 0.225
7 0.421875 0.6125 0.0625 0.225
7 0.5 0.6125 0.0625 0.225
7 0.578125 0.6125 0.0625 0.225
7 0.65625 0.6125 0.0625 0.225
7 0.734375 0.6125 0.0625 0.225
7 0.8125 0.6125 0.0625 0.225
7 0.890625 0.6125 0.0625 0.225
7 0.03125 0.8625 0.0625 0.225
7 0.109375 0.8625 0.0625 0.225
7 0.1875 0.8625 0.0625 0.225
7 0.265625 0.8625 0.0625 0.225
8 0.3453125 0.8604166666666667 0.065625 0.22083333333333333
8 0.4265625 0.8604166666666667 0.065625 0.22083333333333333
8 0.5078125 0.8604166666666667 0.065625 0.22083333333333333
8 0.5890625 0.8604166666666667 0.065625 0.22083333333333333
8 0.6703125 0.8604166666666667 0.065625 0.22083333333333333
8 0.7515625 0.8604166666666667 0.065625 0.22083333333333333
8 0.8328125 0.8604166666666667 0.065625 0.22083333333333333
8 0.9140625 0.8604166666666667 0.065625 0.22083333333333333
