1 0.0171875 0.11458333333333333 0.034375 0.22916666666666666
1 0.0671875 0.11458333333333333 0.034375 0.22916666666666666
1 0.1171875 0.11458333333333333 0.034375 0.22916666666666666
1 0.1671875 0.11458333333333333 0.034375 0.22916666666666666
2 0.23125 0.11458333333333333 0.0625 0.22916666666666666
2 0.309375 0.11458333333333333 0.0625 0.22916666666666666
2 0.3875 0.11458333333333333 0.0625 0.22916666666666666
2 0.465625 0.11458333333333333 0.0625 0.22916666666666666
2 0.54375 0.11458333333333333 0.0625 0.22916666666666666
2 0.621875 0.11458333333333333 0.0625 0.22916666666666666
2 0.7 0.11458333333333333 0.0625 0.22916666666666666
2 0.778125 0.11458333333333333 0.0625 0.22916666666666666
2 0.85625 0.11458333333333333 0.0625 0.22916666666666666
2 0.934375 0.11458333333333333 0.0625 0.22916666666666666
2 0.03125 0.3645833333333333 0.0625 0.22916666666666666
2 0.109375 0.3645833333333333 0.0625 0.22916666666666666
8 0.1859375 0.3625 0.059375 0.225
8 0.2609375 0.3625 0.059375 0.225
8 0.3359375 0.3625 0.059375 0.225
8 0.4109375 0.3625 0.059375 0.225
8 0.4859375 0.3625 0.059375 0.225
8 0.5609375 0.3625 0.059375 0.225
8 0.6359375 0.3625 0.059375 0.225
8 0.7109375 0.3625 0.059375 0.225
8 0.7859375 0.3625 0.059375 0.225
8 0.8609375 0.3625 0.059375 0.225
8 0.9359375 0.3625 0.059375 0.225
8 0.0296875 0.6125 0.059375 0.225
8 0.1046875 0.6125 0.059375 0.225
8 0.1796875 0.6125 0.059375 0.225
8 0.2546875 0.6125 0.059375 0.225
8 0.3296875 0.6125 0.059375 0.225
8 0.4046875 0.6125 0.059375 0.225
8 0.4796875 0.6125 0.059375 0.225
8 0.5546875 0.6125 0.059375 0.225
8 0.6296875 0.6125 0.059375 0.225
8 0.7046875 0.6125 0.059375 0.225
8 0.7796875 0.6125 0.059375 0.225
8 0.8546875 0.6125 0.059375 0.225
2 0.9328125 0.6166666666666667 0.065625 0.23333333333333334
2 0.0328125 0.8666666666666667 0.065625 0.23333333333333334
2 0.1140625 0.8666666666666667 0.065625 0.23333333333333334
2 0.1953125 0.8666666666666667 0.065625 0.23333333333333334
2 0.2765625 0.8666666666666667 0.065625 0.23333333333333334
2 0.3578125 0.8666666666666667 0.065625 0.23333333333333334
2 0.4390625 0.8666666666666667 0.065625 0.23333333333333334
2 0.5203125 0.8666666666666667 0.065625 0.23333333333333334
2 0.6015625 0.8666666666666667 0.065625 0.23333333333333334
2 0.6828125 0.8666666666666667 0.065625 0.23333333333333334
2 0.7640625 0.8666666666666667 0.065625 0.23333333333333334
2 0.8453125 0.8666666666666667 0.065625 0.23333333333333334
