1 0.0171875 0.11041666666666666 0.034375 0.22083333333333333
1 0.0671875 0.11041666666666666 0.034375 0.22083333333333333
1 0.1171875 0.11041666666666666 0.034375 0.22083333333333333
1 0.1671875 0.11041666666666666 0.034375 0.22083333333333333
5 0.2296875 0.11041666666666666 0.059375 0.22083333333333333
5 0.3046875 0.11041666666666666 0.059375 0.22083333333333333
5 0.3796875 0.11041666666666666 0.059375 0.22083333333333333
5 0.4546875 0.11041666666666666 0.059375 0.22083333333333333
5 0.5296875 0.11041666666666666 0.059375 0.22083333333333333
5 0.6046875 0.11041666666666666 0.059375 0.22083333333333333
5 0.6796875 0.11041666666666666 0.059375 0.22083333333333333
5 0.7546875 0.11041666666666666 0.059375 0.22083333333333333
5 0.8296875 0.11041666666666666 0.059375 0.22083333333333333
5 0.9046875 0.11041666666666666 0.059375 0.22083333333333333
5 0.0296875 0.36041666666666666 0.059375 0.22083333333333333
5 0.1046875 0.36041666666666666 0.059375 0.22083333333333333
5 0.1796875 0.36041666666666666 0.059375 0.22083333333333333
5 0.2546875 0.36041666666666666 0.059375 0.22083333333333333
5 0.3296875 0.36041666666666666 0.059375 0.22083333333333333
5 0.4046875 0.36041666666666666 0.059375 0.22083333333333333
5 0.4796875 0.36041666666666666 0.059375 0.22083333333333333
5 0.5546875 0.36041666666666666 0.059375 0.22083333333333333
5 0.6296875 0.36041666666666666 0.059375 0.22083333333333333
5 0.7046875 0.36041666666666666 0.059375 0.22083333333333333
9 0.7828125 0.3625 0.065625 0.225
9 0.8640625 0.3625 0.065625 0.225
9 0.9453125 0.3625 0.065625 0.225
9 0.0328125 0.6125 0.065625 0.225
9 0.1140625 0.6125 0.065625 0.225
9 0.1953125 0.6125 0.065625 0.225
9 0.2765625 0.6125 0.065625 0.225
9 0.3578125 0.6125 0.065625 0.225
9 0.4390625 0.6125 0.065625 0.225
9 0.5203125 0.6125 0.065625 0.225
9 0.6015625 0.6125 0.065625 0.225
9 0.6828125 0.6125 0.065625 0.225
9 0.7640625 0.6125 0.065625 0.225
9 0.8453125 0.6125 0.065625 0.225
9 0.9265625 0.6125 0.065625 0.225
9 0.0328125 0.8625 0.065625 0.225
9 0.1140625 0.8625 0.065625 0.225
9 0.1953125 0.8625 0.065625 0.225
9 0.2765625 0.8625 0.065625 0.225
9 0.3578125 0.8625 0.065625 0.225
