1 0.01875 0.11458333333333333 0.0375 0.22916666666666666
1 0.071875 0.11458333333333333 0.0375 0.22916666666666666
1 0.125 0.11458333333333333 0.0375 0.22916666666666666
1 0.178125 0.11458333333333333 0.0375 0.22916666666666666
3 0.2421875 0.1125 0.059375 0.225
3 0.3171875 0.1125 0.059375 0.225
3 0.3921875 0.1125 0.059375 0.225
3 0.4671875 0.1125 0.059375 0.225
3 0.5421875 0.1125 0.059375 0.225
3 0.6171875 0.1125 0.059375 0.225
3 0.6921875 0.1125 0.059375 0.225
3 0.7671875 0.1125 0.059375 0.225
3 0.8421875 0.1125 0.059375 0.225
3 0.9171875 0.1125 0.059375 0.225
3 0.0296875 0.3625 0.059375 0.225
3 0.1046875 0.3625 0.059375 0.225
3 0.1796875 0.3625 0.059375 0.225
3 0.2546875 0.3625 0.059375 0.225
3 0.3296875 0.3625 0.059375 0.225
3 0.4046875 0.3625 0.059375 0.225
3 0.4796875 0.3625 0.059375 0.225
3 0.5546875 0.3625 0.059375 0.225
3 0.6296875 0.3625 0.059375 0.225
3 0.7046875 0.3625 0.059375 0.225
1 0.765625 0.36041666666666666 0.03125 0.22083333333333333
1 0.8125 0.36041666666666666 0.03125 0.22083333333333333
1 0.859375 0.36041666666666666 0.03125 0.22083333333333333
1 0.90625 0.36041666666666666 0.03125 0.22083333333333333
