1 0.015625 0.11458333333333333 0.03125 0.22916666666666666
1 0.0625 0.11458333333333333 0.03125 0.22916666666666666
1 0.109375 0.11458333333333333 0.03125 0.22916666666666666
1 0.15625 0.11458333333333333 0.03125 0.22916666666666666
9 0.21875 0.10833333333333334 0.0625 0.21666666666666667
9 0.296875 0.10833333333333334 0.0625 0.21666666666666667
9 0.375 0.10833333333333334 0.0625 0.21666666666666667
9 0.453125 0.10833333333333334 0.0625 0.21666666666666667
9 0.53125 0.10833333333333334 0.0625 0.21666666666666667
9 0.609375 0.10833333333333334 0.0625 0.21666666666666667
9 0.6875 0.10833333333333334 0.0625 0.21666666666666667
9 0.765625 0.10833333333333334 0.0625 0.21666666666666667
9 0.84375 0.10833333333333334 0.0625 0.21666666666666667
9 0.921875 0.10833333333333334 0.0625 0.21666666666666667
9 0.03125 0.35833333333333334 0.0625 0.21666666666666667
9 0.109375 0.35833333333333334 0.0625 0.21666666666666667
9 0.1875 0.35833333333333334 0.0625 0.21666666666666667
9 0.265625 0.35833333333333334 0.0625 0.21666666666666667
9 0.34375 0.35833333333333334 0.0625 0.21666666666666667
9 0.421875 0.35833333333333334 0.0625 0.21666666666666667
9 0.5 0.35833333333333334 0.0625 0.21666666666666667
9 0.578125 0.35833333333333334 0.0625 0.21666666666666667
9 0.65625 0.35833333333333334 0.0625 0.21666666666666667
9 0.734375 0.35833333333333334 0.0625 0.21666666666666667
8 0.8140625 0.35833333333333334 0.065625 0.21666666666666667
8 0.8953125 0.35833333333333334 0.065625 0.21666666666666667
8 0.0328125 0.6083333333333333 0.065625 0.21666666666666667
8 0.1140625 0.6083333333333333 0.065625 0.21666666666666667
8 0.1953125 0.6083333333333333 0.065625 0.21666666666666667
8 0.2765625 0.6083333333333333 0.065625 0.21666666666666667
8 0.3578125 0.6083333333333333 0.065625 0.21666666666666667
8 0.4390625 0.6083333333333333 0.065625 0.21666666666666667
8 0.5203125 0.6083333333333333 0.065625 0.21666666666666667
8 0.6015625 0.6083333333333333 0.065625 0.21666666666666667
8 0.6828125 0.6083333333333333 0.065625 0.21666666666666667
8 0.7640625 0.6083333333333333 0.065625 0.21666666666666667
8 0.8453125 0.6083333333333333 0.065625 0.21666666666666667
8 0.9265625 0.6083333333333333 0.065625 0.21666666666666667
8 0.0328125 0.8583333333333333 0.065625 0.21666666666666667
8 0.1140625 0.8583333333333333 0.065625 0.21666666666666667
8 0.1953125 0.8583333333333333 0.065625 0.21666666666666667
8 0.2765625 0.8583333333333333 0.065625 0.21666666666666667
8 0.3578125 0.8583333333333333 0.065625 0.21666666666666667
8 0.4390625 0.8583333333333333 0.065625 0.21666666666666667
8 0.5203125 0.8583333333333333 0.065625 0.21666666666666667
8 0.6015625 0.8583333333333333 0.065625 0.21666666666666667
8 0.6828125 0.8583333333333333 0.065625 0.21666666666666667
