1 0.021875 0.11458333333333333 0.04375 0.22916666666666666
1 0.08125 0.11458333333333333 0.04375 0.22916666666666666
1 0.140625 0.11458333333333333 0.04375 0.22916666666666666
1 0.2 0.11458333333333333 0.04375 0.22916666666666666
7 0.2703125 0.1125 0.065625 0.225
7 0.3515625 0.1125 0.065625 0.225
7 0.4328125 0.1125 0.065625 0.225
7 0.5140625 0.1125 0.065625 0.225
7 0.5953125 0.1125 0.065625 0.225
7 0.6765625 0.1125 0.065625 0.225
7 0.7578125 0.1125 0.065625 0.225
7 0.8390625 0.1125 0.065625 0.225
7 0.9203125 0.1125 0.065625 0.225
7 0.0328125 0.3625 0.065625 0.225
7 0.1140625 0.3625 0.065625 0.225
7 0.1953125 0.3625 0.065625 0.225
7 0.2765625 0.3625 0.065625 0.225
7 0.3578125 0.3625 0.065625 0.225
7 0.4390625 0.3625 0.065625 0.225
7 0.5203125 0.3625 0.065625 0.225
7 0.6015625 0.3625 0.065625 0.225
7 0.6828125 0.3625 0.065625 0.225
7 0.7640625 0.3625 0.065625 0.225
7 0.8453125 0.3625 0.065625 0.225
