1 0.01875 0.10833333333333334 0.0375 0.21666666666666667
1 0.071875 0.10833333333333334 0.0375 0.21666666666666667
1 0.125 0.10833333333333334 0.0375 0.21666666666666667
1 0.178125 0.10833333333333334 0.0375 0.21666666666666667
2 0.24375 0.10833333333333334 0.0625 0.21666666666666667
2 0.321875 0.10833333333333334 0.0625 0.21666666666666667
2 0.4 0.10833333333333334 0.0625 0.21666666666666667
2 0.478125 0.10833333333333334 0.0625 0.21666666666666667
2 0.55625 0.10833333333333334 0.0625 0.21666666666666667
2 0.634375 0.10833333333333334 0.0625 0.21666666666666667
2 0.7125 0.10833333333333334 0.0625 0.21666666666666667
2 0.790625 0.10833333333333334 0.0625 0.21666666666666667
2 0.86875 0.10833333333333334 0.0625 0.21666666666666667
2 0.946875 0.10833333333333334 0.0625 0.21666666666666667
2 0.03125 0.35833333333333334 0.0625 0.21666666666666667
2 0.109375 0.35833333333333334 0.0625 0.21666666666666667
9 0.1890625 0.36041666666666666 0.065625 0.22083333333333333
9 0.2703125 0.36041666666666666 0.065625 0.22083333333333333
9 0.3515625 0.36041666666666666 0.065625 0.22083333333333333
9 0.4328125 0.36041666666666666 0.065625 0.22083333333333333
9 0.5140625 0.36041666666666666 0.065625 0.22083333333333333
9 0.5953125 0.36041666666666666 0.065625 0.22083333333333333
9 0.6765625 0.36041666666666666 0.065625 0.22083333333333333
9 0.7578125 0.36041666666666666 0.065625 0.22083333333333333
9 0.8390625 0.36041666666666666 0.065625 0.22083333333333333
9 0.9203125 0.36041666666666666 0.065625 0.22083333333333333
9 0.0328125 0.6104166666666667 0.065625 0.22083333333333333
9 0.1140625 0.6104166666666667 0.065625 0.22083333333333333
9 0.1953125 0.6104166666666667 0.065625 0.22083333333333333
9 0.2765625 0.6104166666666667 0.065625 0.22083333333333333
9 0.3578125 0.6104166666666667 0.065625 0.22083333333333333
9 0.4390625 0.6104166666666667 0.065625 0.22083333333333333
9 0.5203125 0.6104166666666667 0.065625 0.22083333333333333
9 0.6015625 0.6104166666666667 0.065625 0.22083333333333333
9 0.6828125 0.6104166666666667 0.065625 0.22083333333333333
9 0.7640625 0.6104166666666667 0.065625 0.22083333333333333
8 0.84375 0.6166666666666667 0.0625 0.23333333333333334
8 0.921875 0.6166666666666667 0.0625 0.23333333333333334
8 0.03125 0.8666666666666667 0.0625 0.23333333333333334
8 0.109375 0.8666666666666667 0.0625 0.23333333333333334
8 0.1875 0.8666666666666667 0.0625 0.23333333333333334
8 0.265625 0.8666666666666667 0.0625 0.23333333333333334
8 0.34375 0.8666666666666667 0.0625 0.23333333333333334
8 0.421875 0.8666666666666667 0.0625 0.23333333333333334
8 0.5 0.8666666666666667 0.0625 0.23333333333333334
8 0.578125 0.8666666666666667 0.0625 0.23333333333333334
8 0.65625 0.8666666666666667 0.0625 0.23333333333333334
8 0.734375 0.8666666666666667 0.0625 0.23333333333333334
8 0.8125 0.8666666666666667 0.0625 0.23333333333333334
8 0.890625 0.8666666666666667 0.0625 0.23333333333333334
