1 0.0171875 0.11458333333333333 0.034375 0.22916666666666666
1 0.0671875 0.11458333333333333 0.034375 0.22916666666666666
1 0.1171875 0.11458333333333333 0.034375 0.22916666666666666
1 0.1671875 0.11458333333333333 0.034375 0.22916666666666666
2 0.234375 0.11041666666666666 0.06875 0.22083333333333333
2 0.31875 0.11041666666666666 0.06875 0.22083333333333333
2 0.403125 0.11041666666666666 0.06875 0.22083333333333333
2 0.4875 0.11041666666666666 0.06875 0.22083333333333333
2 0.571875 0.11041666666666666 0.06875 0.22083333333333333
2 0.65625 0.11041666666666666 0.06875 0.22083333333333333
2 0.740625 0.11041666666666666 0.06875 0.22083333333333333
2 0.825 0.11041666666666666 0.06875 0.22083333333333333
2 0.909375 0.11041666666666666 0.06875 0.22083333333333333
2 0.034375 0.36041666666666666 0.06875 0.22083333333333333
2 0.11875 0.36041666666666666 0.06875 0.22083333333333333
2 0.203125 0.36041666666666666 0.06875 0.22083333333333333
5 0.2859375 0.36666666666666664 0.065625 0.23333333333333334
5 0.3671875 0.36666666666666664 0.065625 0.23333333333333334
5 0.4484375 0.36666666666666664 0.065625 0.23333333333333334
5 0.5296875 0.36666666666666664 0.065625 0.23333333333333334
5 0.6109375 0.36666666666666664 0.065625 0.23333333333333334
5 0.6921875 0.36666666666666664 0.065625 0.23333333333333334
5 0.7734375 0.36666666666666664 0.065625 0.23333333333333334
5 0.8546875 0.36666666666666664 0.065625 0.23333333333333334
5 0.9359375 0.36666666666666664 0.065625 0.23333333333333334
5 0.0328125 0.6166666666666667 0.065625 0.23333333333333334
5 0.1140625 0.6166666666666667 0.065625 0.23333333333333334
5 0.1953125 0.6166666666666667 0.065625 0.23333333333333334
5 0.2765625 0.6166666666666667 0.065625 0.23333333333333334
5 0.3578125 0.6166666666666667 0.065625 0.23333333333333334
5 0.4390625 0.6166666666666667 0.065625 0.23333333333333334
5 0.5203125 0.6166666666666667 0.065625 0.23333333333333334
5 0.6015625 0.6166666666666667 0.065625 0.23333333333333334
5 0.6828125 0.6166666666666667 0.065625 0.23333333333333334
5 0.7640625 0.6166666666666667 0.065625 0.23333333333333334
5 0.8453125 0.6166666666666667 0.065625 0.23333333333333334
