1 0.01875 0.1125 0.0375 0.225
1 0.071875 0.1125 0.0375 0.225
1 0.125 0.1125 0.0375 0.225
1 0.178125 0.1125 0.0375 0.225
1 0.23125 0.11666666666666667 0.0375 0.23333333333333334
1 0.284375 0.11666666666666667 0.0375 0.23333333333333334
1 0.3375 0.11666666666666667 0.0375 0.23333333333333334
1 0.390625 0.11666666666666667 0.0375 0.23333333333333334
8 0.4546875 0.11041666666666666 0.059375 0.22083333333333333
8 0.5296875 0.11041666666666666 0.059375 0.22083333333333333
8 0.6046875 0.11041666666666666 0.059375 0.22083333333333333
8 0.6796875 0.11041666666666666 0.059375 0.22083333333333333
8 0.7546875 0.11041666666666666 0.059375 0.22083333333333333
8 0.8296875 0.11041666666666666 0.059375 0.22083333333333333
8 0.9046875 0.11041666666666666 0.059375 0.22083333333333333
8 0.0296875 0.36041666666666666 0.059375 0.22083333333333333
8 0.1046875 0.36041666666666666 0.059375 0.22083333333333333
8 0.1796875 0.36041666666666666 0.059375 0.22083333333333333
8 0.2546875 0.36041666666666666 0.059375 0.22083333333333333
8 0.3296875 0.36041666666666666 0.059375 0.22083333333333333
8 0.4046875 0.36041666666666666 0.059375 0.22083333333333333
8 0.4796875 0.36041666666666666 0.059375 0.22083333333333333
8 0.5546875 0.36041666666666666 0.059375 0.22083333333333333
8 0.6296875 0.36041666666666666 0.059375 0.22083333333333333
8 0.7046875 0.36041666666666666 0.059375 0.22083333333333333
8 0.7796875 0.36041666666666666 0.059375 0.22083333333333333
8 0.8546875 0.36041666666666666 0.059375 0.22083333333333333
8 0.9296875 0.36041666666666666 0.059375 0.22083333333333333
8 0.0296875 0.6104166666666667 0.059375 0.22083333333333333
8 0.1046875 0.6104166666666667 0.059375 0.22083333333333333
8 0.1796875 0.6104166666666667 0.059375 0.22083333333333333
