1 0.0171875 0.1125 0.034375 0.225
1 0.0671875 0.1125 0.034375 0.225
1 0.1171875 0.1125 0.034375 0.225
1 0.1671875 0.1125 0.034375 0.225
2 0.23125 0.11041666666666666 0.0625 0.22083333333333333
2 0.309375 0.11041666666666666 0.0625 0.22083333333333333
2 0.3875 0.11041666666666666 0.0625 0.22083333333333333
2 0.465625 0.11041666666666666 0.0625 0.22083333333333333
2 0.54375 0.11041666666666666 0.0625 0.22083333333333333
2 0.621875 0.11041666666666666 0.0625 0.22083333333333333
2 0.7 0.11041666666666666 0.0625 0.22083333333333333
2 0.778125 0.11041666666666666 0.0625 0.22083333333333333
2 0.85625 0.11041666666666666 0.0625 0.22083333333333333
2 0.934375 0.11041666666666666 0.0625 0.22083333333333333
2 0.03125 0.36041666666666666 0.0625 0.22083333333333333
2 0.109375 0.36041666666666666 0.0625 0.22083333333333333
6 0.1875 0.3625 0.0625 0.225
6 0.265625 0.3625 0.0625 0.225
6 0.34375 0.3625 0.0625 0.225
6 0.421875 0.3625 0.0625 0.225
6 0.5 0.3625 0.0625 0.225
6 0.578125 0.3625 0.0625 0.225
6 0.65625 0.3625 0.0625 0.225
6 0.734375 0.3625 0.0625 0.225
6 0.8125 0.3625 0.0625 0.225
6 0.890625 0.3625 0.0625 0.225
6 0.03125 0.6125 0.0625 0.225
6 0.109375 0.6125 0.0625 0.225
6 0.1875 0.6125 0.0625 0.225
6 0.265625 0.6125 0.0625 0.225
6 0.34375 0.6125 0.0625 0.225
7 0.4234375 0.6208333333333333 0.065625 0.24166666666666667
7 0.5046875 0.6208333333333333 0.065625 0.24166666666666667
7 0.5859375 0.6208333333333333 0.065625 0.24166666666666667
7 0.6671875 0.6208333333333333 0.065625 0.24166666666666667
7 0.7484375 0.6208333333333333 0.065625 0.24166666666666667
7 0.8296875 0.6208333333333333 0.065625 0.24166666666666667
7 0.9109375 0.6208333333333333 0.065625 0.24166666666666667
7 0.0328125 0.8708333333333333 0.065625 0.24166666666666667
7 0.1140625 0.8708333333333333 0.065625 0.24166666666666667
7 0.1953125 0.8708333333333333 0.065625 0.24166666666666667
7 0.2765625 0.8708333333333333 0.065625 0.24166666666666667
7 0.3578125 0.8708333333333333 0.065625 0.24166666666666667
7 0.4390625 0.8708333333333333 0.065625 0.24166666666666667
7 0.5203125 0.8708333333333333 0.065625 0.24166666666666667
7 0.6015625 0.8708333333333333 0.065625 0.24166666666666667
7 0.6828125 0.8708333333333333 0.065625 0.24166666666666667
7 0.7640625 0.8708333333333333 0.065625 0.24166666666666667
7 0.8453125 0.8708333333333333 0.065625 0.24166666666666667
7 0.9265625 0.8708333333333333 0.065625 0.24166666666666667
