3 0.03125 0.10833333333333334 0.0625 0.21666666666666667
3 0.109375 0.10833333333333334 0.0625 0.21666666666666667
3 0.1875 0.10833333333333334 0.0625 0.21666666666666667
3 0.265625 0.10833333333333334 0.0625 0.21666666666666667
3 0.34375 0.10833333333333334 0.0625 0.21666666666666667
3 0.421875 0.10833333333333334 0.0625 0.21666666666666667
3 0.5 0.10833333333333334 0.0625 0.21666666666666667
3 0.578125 0.10833333333333334 0.0625 0.21666666666666667
3 0.65625 0.10833333333333334 0.0625 0.21666666666666667
3 0.734375 0.10833333333333334 0.0625 0.21666666666666667
3 0.8125 0.10833333333333334 0.0625 0.21666666666666667
3 0.890625 0.10833333333333334 0.0625 0.21666666666666667
3 0.03125 0.35833333333333334 0.0625 0.21666666666666667
3 0.109375 0.35833333333333334 0.0625 0.21666666666666667
3 0.1875 0.35833333333333334 0.0625 0.21666666666666667
3 0.265625 0.35833333333333334 0.0625 0.21666666666666667
3 0.34375 0.35833333333333334 0.0625 0.21666666666666667
3 0.421875 0.35833333333333334 0.0625 0.21666666666666667
3 0.5 0.35833333333333334 0.0625 0.21666666666666667
3 0.578125 0.35833333333333334 0.0625 0.21666666666666667
3 0.6546875 0.3625 0.059375 0.225
3 0.7296875 0.3625 0.059375 0.225
3 0.8046875 0.3625 0.059375 0.225
3 0.8796875 0.3625 0.059375 0.225
3 0.9546875 0.3625 0.059375 0.225
3 0.0296875 0.6125 0.059375 0.225
3 0.1046875 0.6125 0.059375 0.225
3 0.1796875 0.6125 0.059375 0.225
3 0.2546875 0.6125 0.059375 0.225
3 0.3296875 0.6125 0.059375 0.225
3 0.4046875 0.6125 0.059375 0.225
3 0.4796875 0.6125 0.059375 0.225
3 0.5546875 0.6125 0.059375 0.225
3 0.6296875 0.6125 0.059375 0.225
3 0.7046875 0.6125 0.059375 0.225
3 0.7796875 0.6125 0.059375 0.225
3 0.8546875 0.6125 0.059375 0.225
3 0.9296875 0.6125 0.059375 0.225
3 0.0296875 0.8625 0.059375 0.225
3 0.1046875 0.8625 0.059375 0.225
2 0.1796875 0.8604166666666667 0.059375 0.22083333333333333
2 0.2546875 0.8604166666666667 0.059375 0.22083333333333333
2 0.3296875 0.8604166666666667 0.059375 0.22083333333333333
2 0.4046875 0.8604166666666667 0.059375 0.22083333333333333
2 0.4796875 0.8604166666666667 0.059375 0.22083333333333333
2 0.5546875 0.8604166666666667 0.059375 0.22083333333333333
2 0.6296875 0.8604166666666667 0.059375 0.22083333333333333
2 0.7046875 0.8604166666666667 0.059375 0.22083333333333333
2 0.7796875 0.8604166666666667 0.059375 0.22083333333333333
2 0.8546875 0.8604166666666667 0.059375 0.22083333333333333
2 0.9296875 0.8604166666666667 0.059375 0.22083333333333333
