1 0.0171875 0.11458333333333333 0.034375 0.22916666666666666
1 0.0671875 0.11458333333333333 0.034375 0.22916666666666666
1 0.1171875 0.11458333333333333 0.034375 0.22916666666666666
1 0.1671875 0.11458333333333333 0.034375 0.22916666666666666
6 0.23125 0.10833333333333334 0.0625 0.21666666666666667
6 0.309375 0.10833333333333334 0.0625 0.21666666666666667
6 0.3875 0.10833333333333334 0.0625 0.21666666666666667
6 0.465625 0.10833333333333334 0.0625 0.21666666666666667
6 0.54375 0.10833333333333334 0.0625 0.21666666666666667
6 0.621875 0.10833333333333334 0.0625 0.21666666666666667
6 0.7 0.10833333333333334 0.0625 0.21666666666666667
6 0.778125 0.10833333333333334 0.0625 0.21666666666666667
6 0.85625 0.10833333333333334 0.0625 0.21666666666666667
6 0.934375 0.10833333333333334 0.0625 0.21666666666666667
6 0.03125 0.35833333333333334 0.0625 0.21666666666666667
6 0.109375 0.35833333333333334 0.0625 0.21666666666666667
6 0.1875 0.35833333333333334 0.0625 0.21666666666666667
6 0.265625 0.35833333333333334 0.0625 0.21666666666666667
6 0.34375 0.35833333333333334 0.0625 0.21666666666666667
1 0.4078125 0.3625 0.034375 0.225
1 0.4578125 0.3625 0.034375 0.225
1 0.5078125 0.3625 0.034375 0.225
1 0.5578125 0.3625 0.034375 0.225
