1 0.0203125 0.11458333333333333 0.040625 0.22916666666666666
1 0.0765625 0.11458333333333333 0.040625 0.22916666666666666
1 0.1328125 0.11458333333333333 0.040625 0.22916666666666666
1 0.1890625 0.11458333333333333 0.040625 0.22916666666666666
2 0.259375 0.11041666666666666 0.06875 0.22083333333333333
2 0.34375 0.11041666666666666 0.06875 0.22083333333333333
2 0.428125 0.11041666666666666 0.06875 0.22083333333333333
2 0.5125 0.11041666666666666 0.06875 0.22083333333333333
2 0.596875 0.11041666666666666 0.06875 0.22083333333333333
2 0.68125 0.11041666666666666 0.06875 0.22083333333333333
2 0.765625 0.11041666666666666 0.06875 0.22083333333333333
2 0.85 0.11041666666666666 0.06875 0.22083333333333333
2 0.934375 0.11041666666666666 0.06875 0.22083333333333333
2 0.034375 0.36041666666666666 0.06875 0.22083333333333333
2 0.11875 0.36041666666666666 0.06875 0.22083333333333333
2 0.203125 0.36041666666666666 0.06875 0.22083333333333333
5 0.2828125 0.35833333333333334 0.059375 0.21666666666666667
5 0.3578125 0.35833333333333334 0.059375 0.21666666666666667
5 0.4328125 0.35833333333333334 0.059375 0.21666666666666667
5 0.5078125 0.35833333333333334 0.059375 0.21666666666666667
5 0.5828125 0.35833333333333334 0.059375 0.21666666666666667
5 0.6578125 0.35833333333333334 0.059375 0.21666666666666667
5 0.7328125 0.35833333333333334 0.059375 0.21666666666666667
5 0.8078125 0.35833333333333334 0.059375 0.21666666666666667
5 0.8828125 0.35833333333333334 0.059375 0.21666666666666667
5 0.9578125 0.35833333333333334 0.059375 0.21666666666666667
5 0.0296875 0.6083333333333333 0.059375 0.21666666666666667
5 0.1046875 0.6083333333333333 0.059375 0.21666666666666667
5 0.1796875 0.6083333333333333 0.059375 0.21666666666666667
5 0.2546875 0.6083333333333333 0.059375 0.21666666666666667
5 0.3296875 0.6083333333333333 0.059375 0.21666666666666667
5 0.4046875 0.6083333333333333 0.059375 0.21666666666666667
5 0.4796875 0.6083333333333333 0.059375 0.21666666666666667
5 0.5546875 0.6083333333333333 0.059375 0.21666666666666667
5 0.6296875 0.6083333333333333 0.059375 0.21666666666666667
5 0.7046875 0.6083333333333333 0.059375 0.21666666666666667
