1 0.0203125 0.11458333333333333 0.040625 0.22916666666666666
1 0.0765625 0.11458333333333333 0.040625 0.22916666666666666
1 0.1328125 0.11458333333333333 0.040625 0.22916666666666666
1 0.1890625 0.11458333333333333 0.040625 0.22916666666666666
1 0.24375 0.11458333333333333 0.0375 0.22916666666666666
1 0.296875 0.11458333333333333 0.0375 0.22916666666666666
1 0.35 0.11458333333333333 0.0375 0.22916666666666666
1 0.403125 0.11458333333333333 0.0375 0.22916666666666666
4 0.46875 0.11458333333333333 0.0625 0.22916666666666666
4 0.546875 0.11458333333333333 0.0625 0.22916666666666666
4 0.625 0.11458333333333333 0.0625 0.22916666666666666
4 0.703125 0.11458333333333333 0.0625 0.22916666666666666
4 0.78125 0.11458333333333333 0.0625 0.22916666666666666
4 0.859375 0.11458333333333333 0.0625 0.22916666666666666
4 0.9375 0.11458333333333333 0.0625 0.22916666666666666
4 0.03125 0.3645833333333333 0.0625 0.22916666666666666
4 0.109375 0.3645833333333333 0.0625 0.22916666666666666
4 0.1875 0.3645833333333333 0.0625 0.22916666666666666
4 0.265625 0.3645833333333333 0.0625 0.22916666666666666
4 0.34375 0.3645833333333333 0.0625 0.22916666666666666
4 0.421875 0.3645833333333333 0.0625 0.22916666666666666
4 0.5 0.3645833333333333 0.0625 0.22916666666666666
4 0.578125 0.3645833333333333 0.0625 0.22916666666666666
4 0.65625 0.3645833333333333 0.0625 0.22916666666666666
4 0.734375 0.3645833333333333 0.0625 0.22916666666666666
4 0.8125 0.3645833333333333 0.0625 0.22916666666666666
4 0.890625 0.3645833333333333 0.0625 0.22916666666666666
4 0.03125 0.6145833333333334 0.0625 0.22916666666666666
4 0.109375 0.6145833333333334 0.0625 0.22916666666666666
4 0.1875 0.6145833333333334 0.0625 0.22916666666666666
4 0.265625 0.6145833333333334 0.0625 0.22916666666666666
4 0.34375 0.6145833333333334 0.0625 0.22916666666666666
4 0.421875 0.6145833333333334 0.0625 0.22916666666666666
