1 0.0171875 0.10833333333333334 0.034375 0.21666666666666667
1 0.0671875 0.10833333333333334 0.034375 0.21666666666666667
1 0.1171875 0.10833333333333334 0.034375 0.21666666666666667
1 0.1671875 0.10833333333333334 0.034375 0.21666666666666667
6 0.2296875 0.1125 0.059375 0.225
6 0.3046875 0.1125 0.059375 0.225
6 0.3796875 0.1125 0.059375 0.225
6 0.4546875 0.1125 0.059375 0.225
6 0.5296875 0.1125 0.059375 0.225
6 0.6046875 0.1125 0.059375 0.225
6 0.6796875 0.1125 0.059375 0.225
6 0.7546875 0.1125 0.059375 0.225
6 0.8296875 0.1125 0.059375 0.225
6 0.9046875 0.1125 0.059375 0.225
6 0.0296875 0.3625 0.059375 0.225
6 0.1046875 0.3625 0.059375 0.225
6 0.1796875 0.3625 0.059375 0.225
6 0.2546875 0.3625 0.059375 0.225
6 0.3296875 0.3625 0.059375 0.225
3 0.403125 0.3645833333333333 0.05625 0.22916666666666666
3 0.475 0.3645833333333333 0.05625 0.22916666666666666
3 0.546875 0.3645833333333333 0.05625 0.22916666666666666
3 0.61875 0.3645833333333333 0.05625 0.22916666666666666
3 0.690625 0.3645833333333333 0.05625 0.22916666666666666
3 0.7625 0.3645833333333333 0.05625 0.22916666666666666
3 0.834375 0.3645833333333333 0.05625 0.22916666666666666
3 0.90625 0.3645833333333333 0.05625 0.22916666666666666
3 0.028125 0.6145833333333334 0.05625 0.22916666666666666
3 0.1 0.6145833333333334 0.05625 0.22916666666666666
3 0.171875 0.6145833333333334 0.05625 0.22916666666666666
3 0.24375 0.6145833333333334 0.05625 0.22916666666666666
3 0.315625 0.6145833333333334 0.05625 0.22916666666666666
3 0.3875 0.6145833333333334 0.05625 0.22916666666666666
3 0.459375 0.6145833333333334 0.05625 0.22916666666666666
3 0.53125 0.6145833333333334 0.05625 0.22916666666666666
3 0.603125 0.6145833333333334 0.05625 0.22916666666666666
3 0.675 0.6145833333333334 0.05625 0.22916666666666666
3 0.746875 0.6145833333333334 0.05625 0.22916666666666666
3 0.81875 0.6145833333333334 0.05625 0.22916666666666666
