1 0.0171875 0.11041666666666666 0.034375 0.22083333333333333
1 0.0671875 0.11041666666666666 0.034375 0.22083333333333333
1 0.1171875 0.11041666666666666 0.034375 0.22083333333333333
1 0.1671875 0.11041666666666666 0.034375 0.22083333333333333
7 0.2328125 0.10833333333333334 0.065625 0.21666666666666667
7 0.3140625 0.10833333333333334 0.065625 0.21666666666666667
7 0.3953125 0.10833333333333334 0.065625 0.21666666666666667
7 0.4765625 0.10833333333333334 0.065625 0.21666666666666667
7 0.5578125 0.10833333333333334 0.065625 0.21666666666666667
7 0.6390625 0.10833333333333334 0.065625 0.21666666666666667
7 0.7203125 0.10833333333333334 0.065625 0.21666666666666667
7 0.8015625 0.10833333333333334 0.065625 0.21666666666666667
7 0.8828125 0.10833333333333334 0.065625 0.21666666666666667
7 0.9640625 0.10833333333333334 0.065625 0.21666666666666667
7 0.0328125 0.35833333333333334 0.065625 0.21666666666666667
7 0.1140625 0.35833333333333334 0.065625 0.21666666666666667
7 0.1953125 0.35833333333333334 0.065625 0.21666666666666667
7 0.2765625 0.35833333333333334 0.065625 0.21666666666666667
7 0.3578125 0.35833333333333334 0.065625 0.21666666666666667
7 0.4390625 0.35833333333333334 0.065625 0.21666666666666667
7 0.5203125 0.35833333333333334 0.065625 0.21666666666666667
7 0.6015625 0.35833333333333334 0.065625 0.21666666666666667
7 0.6828125 0.35833333333333334 0.065625 0.21666666666666667
7 0.7640625 0.35833333333333334 0.065625 0.21666666666666667
1 0.828125 0.35625 0.03125 0.2125
1 0.875 0.35625 0.03125 0.2125
1 0.921875 0.35625 0.03125 0.2125
1 0.96875 0.35625 0.03125 0.2125
