3 0.028125 0.11041666666666666 0.05625 0.22083333333333333
3 0.1 0.11041666666666666 0.05625 0.22083333333333333
3 0.171875 0.11041666666666666 0.05625 0.22083333333333333
3 0.24375 0.11041666666666666 0.05625 0.22083333333333333
3 0.315625 0.11041666666666666 0.05625 0.22083333333333333
3 0.3875 0.11041666666666666 0.05625 0.22083333333333333
3 0.459375 0.11041666666666666 0.05625 0.22083333333333333
3 0.53125 0.11041666666666666 0.05625 0.22083333333333333
3 0.603125 0.11041666666666666 0.05625 0.22083333333333333
3 0.675 0.11041666666666666 0.05625 0.22083333333333333
3 0.746875 0.11041666666666666 0.05625 0.22083333333333333
3 0.81875 0.11041666666666666 0.05625 0.22083333333333333
3 0.890625 0.11041666666666666 0.05625 0.22083333333333333
3 0.9625 0.11041666666666666 0.05625 0.22083333333333333
3 0.028125 0.36041666666666666 0.05625 0.22083333333333333
3 0.1 0.36041666666666666 0.05625 0.22083333333333333
3 0.171875 0.36041666666666666 0.05625 0.22083333333333333
3 0.24375 0.36041666666666666 0.05625 0.22083333333333333
3 0.315625 0.36041666666666666 0.05625 0.22083333333333333
3 0.3875 0.36041666666666666 0.05625 0.22083333333333333
9 0.459375 0.3541666666666667 0.05625 0.20833333333333334
9 0.53125 0.3541666666666667 0.05625 0.20833333333333334
9 0.603125 0.3541666666666667 0.05625 0.20833333333333334
9 0.675 0.3541666666666667 0.05625 0.20833333333333334
9 0.746875 0.3541666666666667 0.05625 0.20833333333333334
9 0.81875 0.3541666666666667 0.05625 0.20833333333333334
9 0.890625 0.3541666666666667 0.05625 0.20833333333333334
9 0.9625 0.3541666666666667 0.05625 0.20833333333333334
9 0.028125 0.6041666666666666 0.05625 0.20833333333333334
9 0.1 0.6041666666666666 0.05625 0.20833333333333334
9 0.171875 0.6041666666666666 0.05625 0.20833333333333334
9 0.24375 0.6041666666666666 0.05625 0.20833333333333334
9 0.315625 0.6041666666666666 0.05625 0.20833333333333334
9 0.3875 0.6041666666666666 0.05625 0.20833333333333334
9 0.459375 0.6041666666666666 0.05625 0.20833333333333334
9 0.53125 0.6041666666666666 0.05625 0.20833333333333334
9 0.603125 0.6041666666666666 0.05625 0.20833333333333334
9 0.675 0.6041666666666666 0.05625 0.20833333333333334
9 0.746875 0.6041666666666666 0.05625 0.20833333333333334
9 0.81875 0.6041666666666666 0.05625 0.20833333333333334
3 0.890625 0.6145833333333334 0.05625 0.22916666666666666
3 0.9625 0.6145833333333334 0.05625 0.22916666666666666
3 0.028125 0.8645833333333334 0.05625 0.22916666666666666
3 0.1 0.8645833333333334 0.05625 0.22916666666666666
3 0.171875 0.8645833333333334 0.05625 0.22916666666666666
3 0.24375 0.8645833333333334 0.05625 0.22916666666666666
3 0.315625 0.8645833333333334 0.05625 0.22916666666666666
3 0.3875 0.8645833333333334 0.05625 0.22916666666666666
3 0.459375 0.8645833333333334 0.05625 0.22916666666666666
3 0.53125 0.8645833333333334 0.05625 0.22916666666666666
3 0.603125 0.8645833333333334 0.05625 0.22916666666666666
3 0.675 0.8645833333333334 0.05625 0.22916666666666666
3 0.746875 0.8645833333333334 0.05625 0.22916666666666666
3 0.81875 0.8645833333333334 0.05625 0.22916666666666666
3 0.890625 0.8645833333333334 0.05625 0.22916666666666666
3 0.9625 0.8645833333333334 0.05625 0.22916666666666666
