1 0.01875 0.11458333333333333 0.0375 0.22916666666666666
1 0.071875 0.11458333333333333 0.0375 0.22916666666666666
1 0.125 0.11458333333333333 0.0375 0.22916666666666666
1 0.178125 0.11458333333333333 0.0375 0.22916666666666666
2 0.24375 0.11458333333333333 0.0625 0.22916666666666666
2 0.321875 0.11458333333333333 0.0625 0.22916666666666666
2 0.4 0.11458333333333333 0.0625 0.22916666666666666
2 0.478125 0.11458333333333333 0.0625 0.22916666666666666
2 0.55625 0.11458333333333333 0.0625 0.22916666666666666
2 0.634375 0.11458333333333333 0.0625 0.22916666666666666
2 0.7125 0.11458333333333333 0.0625 0.22916666666666666
2 0.790625 0.11458333333333333 0.0625 0.22916666666666666
2 0.86875 0.11458333333333333 0.0625 0.22916666666666666
2 0.946875 0.11458333333333333 0.0625 0.22916666666666666
2 0.03125 0.3645833333333333 0.0625 0.22916666666666666
2 0.109375 0.3645833333333333 0.0625 0.22916666666666666
6 0.1875 0.3625 0.0625 0.225
6 0.265625 0.3625 0.0625 0.225
6 0.34375 0.3625 0.0625 0.225
6 0.421875 0.3625 0.0625 0.225
6 0.5 0.3625 0.0625 0.225
6 0.578125 0.3625 0.0625 0.225
6 0.65625 0.3625 0.0625 0.225
6 0.734375 0.3625 0.0625 0.225
6 0.8125 0.3625 0.0625 0.225
6 0.890625 0.3625 0.0625 0.225
6 0.03125 0.6125 0.0625 0.225
6 0.109375 0.6125 0.0625 0.225
6 0.1875 0.6125 0.0625 0.225
6 0.265625 0.6125 0.0625 0.225
6 0.34375 0.6125 0.0625 0.225
5 0.4203125 0.6083333333333333 0.059375 0.21666666666666667
5 0.4953125 0.6083333333333333 0.059375 0.21666666666666667
5 0.5703125 0.6083333333333333 0.059375 0.21666666666666667
5 0.6453125 0.6083333333333333 0.059375 0.21666666666666667
5 0.7203125 0.6083333333333333 0.059375 0.21666666666666667
5 0.7953125 0.6083333333333333 0.059375 0.21666666666666667
5 0.8703125 0.6083333333333333 0.059375 0.21666666666666667
5 0.9453125 0.6083333333333333 0.059375 0.21666666666666667
5 0.0296875 0.8583333333333333 0.059375 0.21666666666666667
5 0.1046875 0.8583333333333333 0.059375 0.21666666666666667
5 0.1796875 0.8583333333333333 0.059375 0.21666666666666667
5 0.2546875 0.8583333333333333 0.059375 0.21666666666666667
5 0.3296875 0.8583333333333333 0.059375 0.21666666666666667
5 0.4046875 0.8583333333333333 0.059375 0.21666666666666667
5 0.4796875 0.8583333333333333 0.059375 0.21666666666666667
5 0.5546875 0.8583333333333333 0.059375 0.21666666666666667
5 0.6296875 0.8583333333333333 0.059375 0.21666666666666667
5 0.7046875 0.8583333333333333 0.059375 0.21666666666666667
5 0.7796875 0.8583333333333333 0.059375 0.21666666666666667
5 0.8546875 0.8583333333333333 0.059375 0.21666666666666667
