1 0.0171875 0.11458333333333333 0.034375 0.22916666666666666
1 0.0671875 0.11458333333333333 0.034375 0.22916666666666666
1 0.1171875 0.11458333333333333 0.034375 0.22916666666666666
1 0.1671875 0.11458333333333333 0.034375 0.22916666666666666
1 0.2171875 0.11458333333333333 0.034375 0.22916666666666666
1 0.2671875 0.11458333333333333 0.034375 0.22916666666666666
1 0.3171875 0.11458333333333333 0.034375 0.22916666666666666
1 0.3671875 0.11458333333333333 0.034375 0.22916666666666666
5 0.43125 0.11458333333333333 0.0625 0.22916666666666666
5 0.509375 0.11458333333333333 0.0625 0.22916666666666666
5 0.5875 0.11458333333333333 0.0625 0.22916666666666666
5 0.665625 0.11458333333333333 0.0625 0.22916666666666666
5 0.74375 0.11458333333333333 0.0625 0.22916666666666666
5 0.821875 0.11458333333333333 0.0625 0.22916666666666666
5 0.9 0.11458333333333333 0.0625 0.22916666666666666
5 0.03125 0.3645833333333333 0.0625 0.22916666666666666
5 0.109375 0.3645833333333333 0.0625 0.22916666666666666
5 0.1875 0.3645833333333333 0.0625 0.22916666666666666
5 0.265625 0.3645833333333333 0.0625 0.22916666666666666
5 0.34375 0.3645833333333333 0.0625 0.22916666666666666
5 0.421875 0.3645833333333333 0.0625 0.22916666666666666
5 0.5 0.3645833333333333 0.0625 0.22916666666666666
5 0.578125 0.3645833333333333 0.0625 0.22916666666666666
5 0.65625 0.3645833333333333 0.0625 0.22916666666666666
5 0.734375 0.3645833333333333 0.0625 0.22916666666666666
5 0.8125 0.3645833333333333 0.0625 0.22916666666666666
5 0.890625 0.3645833333333333 0.0625 0.22916666666666666
5 0.03125 0.6145833333333334 0.0625 0.22916666666666666
8 0.109375 0.6083333333333333 0.0625 0.21666666666666667
8 0.1875 0.6083333333333333 0.0625 0.21666666666666667
8 0.265625 0.6083333333333333 0.0625 0.21666666666666667
8 0.34375 0.6083333333333333 0.0625 0.21666666666666667
8 0.421875 0.6083333333333333 0.0625 0.21666666666666667
8 0.5 0.6083333333333333 0.0625 0.21666666666666667
8 0.578125 0.6083333333333333 0.0625 0.21666666666666667
8 0.65625 0.6083333333333333 0.0625 0.21666666666666667
8 0.734375 0.6083333333333333 0.0625 0.21666666666666667
8 0.8125 0.6083333333333333 0.0625 0.21666666666666667
8 0.890625 0.6083333333333333 0.0625 0.21666666666666667
8 0.03125 0.8583333333333333 0.0625 0.21666666666666667
8 0.109375 0.8583333333333333 0.0625 0.21666666666666667
8 0.1875 0.8583333333333333 0.0625 0.21666666666666667
8 0.265625 0.8583333333333333 0.0625 0.21666666666666667
8 0.34375 0.8583333333333333 0.0625 0.21666666666666667
8 0.421875 0.8583333333333333 0.0625 0.21666666666666667
8 0.5 0.8583333333333333 0.0625 0.21666666666666667
8 0.578125 0.8583333333333333 0.0625 0.21666666666666667
8 0.65625 0.8583333333333333 0.0625 0.21666666666666667
8 0.734375 0.8583333333333333 0.0625 0.21666666666666667
8 0.8125 0.8583333333333333 0.0625 0.21666666666666667
8 0.890625 0.8583333333333333 0.0625 0.21666666666666667
