9 0.0296875 0.10833333333333334 0.059375 0.21666666666666667
9 0.1046875 0.10833333333333334 0.059375 0.21666666666666667
9 0.1796875 0.10833333333333334 0.059375 0.21666666666666667
9 0.2546875 0.10833333333333334 0.059375 0.21666666666666667
9 0.3296875 0.10833333333333334 0.059375 0.21666666666666667
9 0.4046875 0.10833333333333334 0.059375 0.21666666666666667
9 0.4796875 0.10833333333333334 0.059375 0.21666666666666667
9 0.5546875 0.10833333333333334 0.059375 0.21666666666666667
9 0.6296875 0.10833333333333334 0.059375 0.21666666666666667
9 0.7046875 0.10833333333333334 0.059375 0.21666666666666667
9 0.7796875 0.10833333333333334 0.059375 0.21666666666666667
9 0.8546875 0.10833333333333334 0.059375 0.21666666666666667
9 0.9296875 0.10833333333333334 0.059375 0.21666666666666667
9 0.0296875 0.35833333333333334 0.059375 0.21666666666666667
9 0.1046875 0.35833333333333334 0.059375 0.21666666666666667
9 0.1796875 0.35833333333333334 0.059375 0.21666666666666667
9 0.2546875 0.35833333333333334 0.059375 0.21666666666666667
9 0.3296875 0.35833333333333334 0.059375 0.21666666666666667
9 0.4046875 0.35833333333333334 0.059375 0.21666666666666667
9 0.4796875 0.35833333333333334 0.059375 0.21666666666666667
6 0.55625 0.3625 0.0625 0.225
6 0.634375 0.3625 0.0625 0.225
6 0.7125 0.3625 0.0625 0.225
6 0.790625 0.3625 0.0625 0.225
6 0.86875 0.3625 0.0625 0.225
6 0.946875 0.3625 0.0625 0.225
6 0.03125 0.6125 0.0625 0.225
6 0.109375 0.6125 0.0625 0.225
6 0.1875 0.6125 0.0625 0.225
6 0.265625 0.6125 0.0625 0.225
6 0.34375 0.6125 0.0625 0.225
6 0.421875 0.6125 0.0625 0.225
6 0.5 0.6125 0.0625 0.225
6 0.578125 0.6125 0.0625 0.225
6 0.65625 0.6125 0.0625 0.225
3 0.7328125 0.6166666666666667 0.059375 0.23333333333333334
3 0.8078125 0.6166666666666667 0.059375 0.23333333333333334
3 0.8828125 0.6166666666666667 0.059375 0.23333333333333334
3 0.9578125 0.6166666666666667 0.059375 0.23333333333333334
3 0.0296875 0.8666666666666667 0.059375 0.23333333333333334
3 0.1046875 0.8666666666666667 0.059375 0.23333333333333334
3 0.1796875 0.8666666666666667 0.059375 0.23333333333333334
3 0.2546875 0.8666666666666667 0.059375 0.23333333333333334
3 0.3296875 0.8666666666666667 0.059375 0.23333333333333334
3 0.4046875 0.8666666666666667 0.059375 0.23333333333333334
3 0.4796875 0.8666666666666667 0.059375 0.23333333333333334
3 0.5546875 0.8666666666666667 0.059375 0.23333333333333334
3 0.6296875 0.8666666666666667 0.059375 0.23333333333333334
3 0.7046875 0.8666666666666667 0.059375 0.23333333333333334
3 0.7796875 0.8666666666666667 0.059375 0.23333333333333334
3 0.8546875 0.8666666666666667 0.059375 0.23333333333333334
3 0.9296875 0.8666666666666667 0.059375 0.23333333333333334
