1 0.01875 0.11041666666666666 0.0375 0.22083333333333333
1 0.071875 0.11041666666666666 0.0375 0.22083333333333333
1 0.125 0.11041666666666666 0.0375 0.22083333333333333
1 0.178125 0.11041666666666666 0.0375 0.22083333333333333
1 0.23125 0.1125 0.0375 0.225
1 0.284375 0.1125 0.0375 0.225
1 0.3375 0.1125 0.0375 0.225
1 0.390625 0.1125 0.0375 0.225
6 0.45625 0.11041666666666666 0.0625 0.22083333333333333
6 0.534375 0.11041666666666666 0.0625 0.22083333333333333
6 0.6125 0.11041666666666666 0.0625 0.22083333333333333
6 0.690625 0.11041666666666666 0.0625 0.22083333333333333
6 0.76875 0.11041666666666666 0.0625 0.22083333333333333
6 0.846875 0.11041666666666666 0.0625 0.22083333333333333
6 0.925 0.11041666666666666 0.0625 0.22083333333333333
6 0.03125 0.36041666666666666 0.0625 0.22083333333333333
6 0.109375 0.36041666666666666 0.0625 0.22083333333333333
6 0.1875 0.36041666666666666 0.0625 0.22083333333333333
6 0.265625 0.36041666666666666 0.0625 0.22083333333333333
6 0.34375 0.36041666666666666 0.0625 0.22083333333333333
6 0.421875 0.36041666666666666 0.0625 0.22083333333333333
6 0.5 0.36041666666666666 0.0625 0.22083333333333333
6 0.578125 0.36041666666666666 0.0625 0.22083333333333333
