1 0.01875 0.11458333333333333 0.0375 0.22916666666666666
1 0.071875 0.11458333333333333 0.0375 0.22916666666666666
1 0.125 0.11458333333333333 0.0375 0.22916666666666666
1 0.178125 0.11458333333333333 0.0375 0.22916666666666666
1 0.234375 0.11666666666666667 0.04375 0.23333333333333334
1 0.29375 0.11666666666666667 0.04375 0.23333333333333334
1 0.353125 0.11666666666666667 0.04375 0.23333333333333334
1 0.4125 0.11666666666666667 0.04375 0.23333333333333334
8 0.48125 0.1125 0.0625 0.225
8 0.559375 0.1125 0.0625 0.225
8 0.6375 0.1125 0.0625 0.225
8 0.715625 0.1125 0.0625 0.225
8 0.79375 0.1125 0.0625 0.225
8 0.871875 0.1125 0.0625 0.225
8 0.95 0.1125 0.0625 0.225
8 0.03125 0.3625 0.0625 0.225
8 0.109375 0.3625 0.0625 0.225
8 0.1875 0.3625 0.0625 0.225
8 0.265625 0.3625 0.0625 0.225
8 0.34375 0.3625 0.0625 0.225
8 0.421875 0.3625 0.0625 0.225
8 0.5 0.3625 0.0625 0.225
8 0.578125 0.3625 0.0625 0.225
8 0.65625 0.3625 0.0625 0.225
8 0.734375 0.3625 0.0625 0.225
8 0.8125 0.3625 0.0625 0.225
8 0.890625 0.3625 0.0625 0.225
8 0.03125 0.6125 0.0625 0.225
8 0.109375 0.6125 0.0625 0.225
8 0.1875 0.6125 0.0625 0.225
8 0.265625 0.6125 0.0625 0.225
3 0.3453125 0.61875 0.065625 0.2375
3 0.4265625 0.61875 0.065625 0.2375
3 0.5078125 0.61875 0.065625 0.2375
3 0.5890625 0.61875 0.065625 0.2375
3 0.6703125 0.61875 0.065625 0.2375
3 0.7515625 0.61875 0.065625 0.2375
3 0.8328125 0.61875 0.065625 0.2375
3 0.9140625 0.61875 0.065625 0.2375
3 0.0328125 0.86875 0.065625 0.2375
3 0.1140625 0.86875 0.065625 0.2375
3 0.1953125 0.86875 0.065625 0.2375
3 0.2765625 0.86875 0.065625 0.2375
3 0.3578125 0.86875 0.065625 0.2375
3 0.4390625 0.86875 0.065625 0.2375
3 0.5203125 0.86875 0.065625 0.2375
3 0.6015625 0.86875 0.065625 0.2375
3 0.6828125 0.86875 0.065625 0.2375
3 0.7640625 0.86875 0.065625 0.2375
3 0.8453125 0.86875 0.065625 0.2375
3 0.9265625 0.86875 0.065625 0.2375
