1 0.0203125 0.1125 0.040625 0.225
1 0.0765625 0.1125 0.040625 0.225
1 0.1328125 0.1125 0.040625 0.225
1 0.1890625 0.1125 0.040625 0.225
2 0.2578125 0.1125 0.065625 0.225
2 0.3390625 0.1125 0.065625 0.225
2 0.4203125 0.1125 0.065625 0.225
2 0.5015625 0.1125 0.065625 0.225
2 0.5828125 0.1125 0.065625 0.225
2 0.6640625 0.1125 0.065625 0.225
2 0.7453125 0.1125 0.065625 0.225
2 0.8265625 0.1125 0.065625 0.225
2 0.9078125 0.1125 0.065625 0.225
2 0.0328125 0.3625 0.065625 0.225
2 0.1140625 0.3625 0.065625 0.225
2 0.1953125 0.3625 0.065625 0.225
4 0.2765625 0.3645833333333333 0.065625 0.22916666666666666
4 0.3578125 0.3645833333333333 0.065625 0.22916666666666666
4 0.4390625 0.3645833333333333 0.065625 0.22916666666666666
4 0.5203125 0.3645833333333333 0.065625 0.22916666666666666
4 0.6015625 0.3645833333333333 0.065625 0.22916666666666666
4 0.6828125 0.3645833333333333 0.065625 0.22916666666666666
4 0.7640625 0.3645833333333333 0.065625 0.22916666666666666
4 0.8453125 0.3645833333333333 0.065625 0.22916666666666666
4 0.9265625 0.3645833333333333 0.065625 0.22916666666666666
4 0.0328125 0.6145833333333334 0.065625 0.22916666666666666
4 0.1140625 0.6145833333333334 0.065625 0.22916666666666666
4 0.1953125 0.6145833333333334 0.065625 0.22916666666666666
4 0.2765625 0.6145833333333334 0.065625 0.22916666666666666
4 0.3578125 0.6145833333333334 0.065625 0.22916666666666666
4 0.4390625 0.6145833333333334 0.065625 0.22916666666666666
4 0.5203125 0.6145833333333334 0.065625 0.22916666666666666
4 0.6015625 0.6145833333333334 0.065625 0.22916666666666666
4 0.6828125 0.6145833333333334 0.065625 0.22916666666666666
4 0.7640625 0.6145833333333334 0.065625 0.22916666666666666
4 0.8453125 0.6145833333333334 0.065625 0.22916666666666666
4 0.9265625 0.6145833333333334 0.065625 0.22916666666666666
4 0.0328125 0.8645833333333334 0.065625 0.22916666666666666
4 0.1140625 0.8645833333333334 0.065625 0.22916666666666666
4 0.1953125 0.8645833333333334 0.065625 0.22916666666666666
4 0.2765625 0.8645833333333334 0.065625 0.22916666666666666
6 0.3578125 0.8604166666666667 0.065625 0.22083333333333333
6 0.4390625 0.8604166666666667 0.065625 0.22083333333333333
6 0.5203125 0.8604166666666667 0.065625 0.22083333333333333
6 0.6015625 0.8604166666666667 0.065625 0.22083333333333333
6 0.6828125 0.8604166666666667 0.065625 0.22083333333333333
6 0.7640625 0.8604166666666667 0.065625 0.22083333333333333
6 0.8453125 0.8604166666666667 0.065625 0.22083333333333333
6 0.9265625 0.8604166666666667 0.065625 0.22083333333333333
