1 0.0203125 0.11041666666666666 0.040625 0.22083333333333333
1 0.0765625 0.11041666666666666 0.040625 0.22083333333333333
1 0.1328125 0.11041666666666666 0.040625 0.22083333333333333
1 0.1890625 0.11041666666666666 0.040625 0.22083333333333333
2 0.2546875 0.11458333333333333 0.059375 0.22916666666666666
2 0.3296875 0.11458333333333333 0.059375 0.22916666666666666
2 0.4046875 0.11458333333333333 0.059375 0.22916666666666666
2 0.4796875 0.11458333333333333 0.059375 0.22916666666666666
2 0.5546875 0.11458333333333333 0.059375 0.22916666666666666
2 0.6296875 0.11458333333333333 0.059375 0.22916666666666666
2 0.7046875 0.11458333333333333 0.059375 0.22916666666666666
2 0.7796875 0.11458333333333333 0.059375 0.22916666666666666
2 0.8546875 0.11458333333333333 0.059375 0.22916666666666666
2 0.9296875 0.11458333333333333 0.059375 0.22916666666666666
2 0.0296875 0.3645833333333333 0.059375 0.22916666666666666
2 0.1046875 0.3645833333333333 0.059375 0.22916666666666666
3 0.178125 0.3645833333333333 0.05625 0.22916666666666666
3 0.25 0.3645833333333333 0.05625 0.22916666666666666
3 0.321875 0.3645833333333333 0.05625 0.22916666666666666
3 0.39375 0.3645833333333333 0.05625 0.22916666666666666
3 0.465625 0.3645833333333333 0.05625 0.22916666666666666
3 0.5375 0.3645833333333333 0.05625 0.22916666666666666
3 0.609375 0.3645833333333333 0.05625 0.22916666666666666
3 0.68125 0.3645833333333333 0.05625 0.22916666666666666
3 0.753125 0.3645833333333333 0.05625 0.22916666666666666
3 0.825 0.3645833333333333 0.05625 0.22916666666666666
3 0.896875 0.3645833333333333 0.05625 0.22916666666666666
3 0.96875 0.3645833333333333 0.05625 0.22916666666666666
3 0.028125 0.6145833333333334 0.05625 0.22916666666666666
3 0.1 0.6145833333333334 0.05625 0.22916666666666666
3 0.171875 0.6145833333333334 0.05625 0.22916666666666666
3 0.24375 0.6145833333333334 0.05625 0.22916666666666666
3 0.315625 0.6145833333333334 0.05625 0.22916666666666666
3 0.3875 0.6145833333333334 0.05625 0.22916666666666666
3 0.459375 0.6145833333333334 0.05625 0.22916666666666666
3 0.53125 0.6145833333333334 0.05625 0.22916666666666666
