5 0.028125 0.11041666666666666 0.05625 0.22083333333333333
5 0.1 0.11041666666666666 0.05625 0.22083333333333333
5 0.171875 0.11041666666666666 0.05625 0.22083333333333333
5 0.24375 0.11041666666666666 0.05625 0.22083333333333333
5 0.315625 0.11041666666666666 0.05625 0.22083333333333333
5 0.3875 0.11041666666666666 0.05625 0.22083333333333333
5 0.459375 0.11041666666666666 0.05625 0.22083333333333333
5 0.53125 0.11041666666666666 0.05625 0.22083333333333333
5 0.603125 0.11041666666666666 0.05625 0.22083333333333333
5 0.675 0.11041666666666666 0.05625 0.22083333333333333
5 0.746875 0.11041666666666666 0.05625 0.22083333333333333
5 0.81875 0.11041666666666666 0.05625 0.22083333333333333
5 0.890625 0.11041666666666666 0.05625 0.22083333333333333
5 0.9625 0.11041666666666666 0.05625 0.22083333333333333
5 0.028125 0.36041666666666666 0.05625 0.22083333333333333
5 0.1 0.36041666666666666 0.05625 0.22083333333333333
5 0.171875 0.36041666666666666 0.05625 0.22083333333333333
5 0.24375 0.36041666666666666 0.05625 0.22083333333333333
5 0.315625 0.36041666666666666 0.05625 0.22083333333333333
5 0.3875 0.36041666666666666 0.05625 0.22083333333333333
1 0.446875 0.35833333333333334 0.03125 0.21666666666666667
1 0.49375 0.35833333333333334 0.03125 0.21666666666666667
1 0.540625 0.35833333333333334 0.03125 0.21666666666666667
1 0.5875 0.35833333333333334 0.03125 0.21666666666666667
1 0.6359375 0.35625 0.034375 0.2125
1 0.6859375 0.35625 0.034375 0.2125
1 0.7359375 0.35625 0.034375 0.2125
1 0.7859375 0.35625 0.034375 0.2125
