1 0.01875 0.11458333333333333 0.0375 0.22916666666666666
1 0.071875 0.11458333333333333 0.0375 0.22916666666666666
1 0.125 0.11458333333333333 0.0375 0.22916666666666666
1 0.178125 0.11458333333333333 0.0375 0.22916666666666666
2 0.2453125 0.1125 0.065625 0.225
2 0.3265625 0.1125 0.065625 0.225
2 0.4078125 0.1125 0.065625 0.225
2 0.4890625 0.1125 0.065625 0.225
2 0.5703125 0.1125 0.065625 0.225
2 0.6515625 0.1125 0.065625 0.225
2 0.7328125 0.1125 0.065625 0.225
2 0.8140625 0.1125 0.065625 0.225
2 0.8953125 0.1125 0.065625 0.225
2 0.0328125 0.3625 0.065625 0.225
2 0.1140625 0.3625 0.065625 0.225
2 0.1953125 0.3625 0.065625 0.225
6 0.275 0.3541666666666667 0.0625 0.20833333333333334
6 0.353125 0.3541666666666667 0.0625 0.20833333333333334
6 0.43125 0.3541666666666667 0.0625 0.20833333333333334
6 0.509375 0.3541666666666667 0.0625 0.20833333333333334
6 0.5875 0.3541666666666667 0.0625 0.20833333333333334
6 0.665625 0.3541666666666667 0.0625 0.20833333333333334
6 0.74375 0.3541666666666667 0.0625 0.20833333333333334
6 0.821875 0.3541666666666667 0.0625 0.20833333333333334
6 0.9 0.3541666666666667 0.0625 0.20833333333333334
6 0.03125 0.6041666666666666 0.0625 0.20833333333333334
6 0.109375 0.6041666666666666 0.0625 0.20833333333333334
6 0.1875 0.6041666666666666 0.0625 0.20833333333333334
6 0.265625 0.6041666666666666 0.0625 0.20833333333333334
6 0.34375 0.6041666666666666 0.0625 0.20833333333333334
6 0.421875 0.6041666666666666 0.0625 0.20833333333333334
