1 0.01875 0.11458333333333333 0.0375 0.22916666666666666
1 0.071875 0.11458333333333333 0.0375 0.22916666666666666
1 0.125 0.11458333333333333 0.0375 0.22916666666666666
1 0.178125 0.11458333333333333 0.0375 0.22916666666666666
1 0.2328125 0.1125 0.040625 0.225
1 0.2890625 0.1125 0.040625 0.225
1 0.3453125 0.1125 0.040625 0.225
1 0.4015625 0.1125 0.040625 0.225
6 0.46875 0.11458333333333333 0.0625 0.22916666666666666
6 0.546875 0.11458333333333333 0.0625 0.22916666666666666
6 0.625 0.11458333333333333 0.0625 0.22916666666666666
6 0.703125 0.11458333333333333 0.0625 0.22916666666666666
6 0.78125 0.11458333333333333 0.0625 0.22916666666666666
6 0.859375 0.11458333333333333 0.0625 0.22916666666666666
6 0.9375 0.11458333333333333 0.0625 0.22916666666666666
6 0.03125 0.3645833333333333 0.0625 0.22916666666666666
6 0.109375 0.3645833333333333 0.0625 0.22916666666666666
6 0.1875 0.3645833333333333 0.0625 0.22916666666666666
6 0.265625 0.3645833333333333 0.0625 0.22916666666666666
6 0.34375 0.3645833333333333 0.0625 0.22916666666666666
6 0.421875 0.3645833333333333 0.0625 0.22916666666666666
6 0.5 0.3645833333333333 0.0625 0.22916666666666666
6 0.578125 0.3645833333333333 0.0625 0.22916666666666666
7 0.65625 0.3625 0.0625 0.225
7 0.734375 0.3625 0.0625 0.225
7 0.8125 0.3625 0.0625 0.225
7 0.890625 0.3625 0.0625 0.225
7 0.03125 0.6125 0.0625 0.225
7 0.109375 0.6125 0.0625 0.225
7 0.1875 0.6125 0.0625 0.225
7 0.265625 0.6125 0.0625 0.225
7 0.34375 0.6125 0.0625 0.225
7 0.421875 0.6125 0.0625 0.225
7 0.5 0.6125 0.0625 0.225
7 0.578125 0.6125 0.0625 0.225
7 0.65625 0.6125 0.0625 0.225
7 0.734375 0.6125 0.0625 0.225
7 0.8125 0.6125 0.0625 0.225
7 0.890625 0.6125 0.0625 0.225
7 0.03125 0.8625 0.0625 0.225
7 0.109375 0.8625 0.0625 0.225
7 0.1875 0.8625 0.0625 0.225
7 0.265625 0.8625 0.0625 0.225
