1 0.0171875 0.11041666666666666 0.034375 0.22083333333333333
1 0.0671875 0.11041666666666666 0.034375 0.22083333333333333
1 0.1171875 0.11041666666666666 0.034375 0.22083333333333333
1 0.1671875 0.11041666666666666 0.034375 0.22083333333333333
2 0.2296875 0.10833333333333334 0.059375 0.21666666666666667
2 0.3046875 0.10833333333333334 0.059375 0.21666666666666667
2 0.3796875 0.10833333333333334 0.059375 0.21666666666666667
2 0.4546875 0.10833333333333334 0.059375 0.21666666666666667
2 0.5296875 0.10833333333333334 0.059375 0.21666666666666667
2 0.6046875 0.10833333333333334 0.059375 0.21666666666666667
2 0.6796875 0.10833333333333334 0.059375 0.21666666666666667
2 0.7546875 0.10833333333333334 0.059375 0.21666666666666667
2 0.8296875 0.10833333333333334 0.059375 0.21666666666666667
2 0.9046875 0.10833333333333334 0.059375 0.21666666666666667
2 0.0296875 0.35833333333333334 0.059375 0.21666666666666667
2 0.1046875 0.35833333333333334 0.059375 0.21666666666666667
7 0.18125 0.3625 0.0625 0.225
7 0.259375 0.3625 0.0625 0.225
7 0.3375 0.3625 0.0625 0.225
7 0.415625 0.3625 0.0625 0.225
7 0.49375 0.3625 0.0625 0.225
7 0.571875 0.3625 0.0625 0.225
7 0.65 0.3625 0.0625 0.225
7 0.728125 0.3625 0.0625 0.225
7 0.80625 0.3625 0.0625 0.225
7 0.884375 0.3625 0.0625 0.225
7 0.9625 0.3625 0.0625 0.225
7 0.03125 0.6125 0.0625 0.225
7 0.109375 0.6125 0.0625 0.225
7 0.1875 0.6125 0.0625 0.225
7 0.265625 0.6125 0.0625 0.225
7 0.34375 0.6125 0.0625 0.225
7 0.421875 0.6125 0.0625 0.225
7 0.5 0.6125 0.0625 0.225
7 0.578125 0.6125 0.0625 0.225
7 0.65625 0.6125 0.0625 0.225
