1 0.0203125 0.1125 0.040625 0.225
1 0.0765625 0.1125 0.040625 0.225
1 0.1328125 0.1125 0.040625 0.225
1 0.1890625 0.1125 0.040625 0.225
3 0.25625 0.11458333333333333 0.0625 0.22916666666666666
3 0.334375 0.11458333333333333 0.0625 0.22916666666666666
3 0.4125 0.11458333333333333 0.0625 0.22916666666666666
3 0.490625 0.11458333333333333 0.0625 0.22916666666666666
3 0.56875 0.11458333333333333 0.0625 0.22916666666666666
3 0.646875 0.11458333333333333 0.0625 0.22916666666666666
3 0.725 0.11458333333333333 0.0625 0.22916666666666666
3 0.803125 0.11458333333333333 0.0625 0.22916666666666666
3 0.88125 0.11458333333333333 0.0625 0.22916666666666666
3 0.959375 0.11458333333333333 0.0625 0.22916666666666666
3 0.03125 0.3645833333333333 0.0625 0.22916666666666666
3 0.109375 0.3645833333333333 0.0625 0.22916666666666666
3 0.1875 0.3645833333333333 0.0625 0.22916666666666666
3 0.265625 0.3645833333333333 0.0625 0.22916666666666666
3 0.34375 0.3645833333333333 0.0625 0.22916666666666666
3 0.421875 0.3645833333333333 0.0625 0.22916666666666666
3 0.5 0.3645833333333333 0.0625 0.22916666666666666
3 0.578125 0.3645833333333333 0.0625 0.22916666666666666
3 0.65625 0.3645833333333333 0.0625 0.22916666666666666
3 0.734375 0.3645833333333333 0.0625 0.22916666666666666
1 0.7984375 0.3625 0.034375 0.225
1 0.8484375 0.3625 0.034375 0.225
1 0.8984375 0.3625 0.034375 0.225
1 0.9484375 0.3625 0.034375 0.225
