1 0.01875 0.1125 0.0375 0.225
1 0.071875 0.1125 0.0375 0.225
1 0.125 0.1125 0.0375 0.225
1 0.178125 0.1125 0.0375 0.225
3 0.240625 0.10833333333333334 0.05625 0.21666666666666667
3 0.3125 0.10833333333333334 0.05625 0.21666666666666667
3 0.384375 0.10833333333333334 0.05625 0.21666666666666667
3 0.45625 0.10833333333333334 0.05625 0.21666666666666667
3 0.528125 0.10833333333333334 0.05625 0.21666666666666667
3 0.6 0.10833333333333334 0.05625 0.21666666666666667
3 0.671875 0.10833333333333334 0.05625 0.21666666666666667
3 0.74375 0.10833333333333334 0.05625 0.21666666666666667
3 0.815625 0.10833333333333334 0.05625 0.21666666666666667
3 0.8875 0.10833333333333334 0.05625 0.21666666666666667
3 0.959375 0.10833333333333334 0.05625 0.21666666666666667
3 0.028125 0.35833333333333334 0.05625 0.21666666666666667
3 0.1 0.35833333333333334 0.05625 0.21666666666666667
3 0.171875 0.35833333333333334 0.05625 0.21666666666666667
3 0.24375 0.35833333333333334 0.05625 0.21666666666666667
3 0.315625 0.35833333333333334 0.05625 0.21666666666666667
3 0.3875 0.35833333333333334 0.05625 0.21666666666666667
3 0.459375 0.35833333333333334 0.05625 0.21666666666666667
3 0.53125 0.35833333333333334 0.05625 0.21666666666666667
3 0.603125 0.35833333333333334 0.05625 0.21666666666666667
1 0.6640625 0.34375 0.034375 0.1875
1 0.7140625 0.34375 0.034375 0.1875
1 0.7640625 0.34375 0.034375 0.1875
1 0.8140625 0.34375 0.034375 0.1875
