1 0.0171875 0.1125 0.034375 0.225
1 0.0671875 0.1125 0.034375 0.225
1 0.1171875 0.1125 0.034375 0.225
1 0.1671875 0.1125 0.034375 0.225
2 0.2328125 0.10833333333333334 0.065625 0.21666666666666667
2 0.3140625 0.10833333333333334 0.065625 0.21666666666666667
2 0.3953125 0.10833333333333334 0.065625 0.21666666666666667
2 0.4765625 0.10833333333333334 0.065625 0.21666666666666667
2 0.5578125 0.10833333333333334 0.065625 0.21666666666666667
2 0.6390625 0.10833333333333334 0.065625 0.21666666666666667
2 0.7203125 0.10833333333333334 0.065625 0.21666666666666667
2 0.8015625 0.10833333333333334 0.065625 0.21666666666666667
2 0.8828125 0.10833333333333334 0.065625 0.21666666666666667
2 0.9640625 0.10833333333333334 0.065625 0.21666666666666667
2 0.0328125 0.35833333333333334 0.065625 0.21666666666666667
2 0.1140625 0.35833333333333334 0.065625 0.21666666666666667
5 0.19375 0.3645833333333333 0.0625 0.22916666666666666
5 0.271875 0.3645833333333333 0.0625 0.22916666666666666
5 0.35 0.3645833333333333 0.0625 0.22916666666666666
5 0.428125 0.3645833333333333 0.0625 0.22916666666666666
5 0.50625 0.3645833333333333 0.0625 0.22916666666666666
5 0.584375 0.3645833333333333 0.0625 0.22916666666666666
5 0.6625 0.3645833333333333 0.0625 0.22916666666666666
5 0.740625 0.3645833333333333 0.0625 0.22916666666666666
5 0.81875 0.3645833333333333 0.0625 0.22916666666666666
5 0.896875 0.3645833333333333 0.0625 0.22916666666666666
5 0.03125 0.6145833333333334 0.0625 0.22916666666666666
5 0.109375 0.6145833333333334 0.0625 0.22916666666666666
5 0.1875 0.6145833333333334 0.0625 0.22916666666666666
5 0.265625 0.6145833333333334 0.0625 0.22916666666666666
5 0.34375 0.6145833333333334 0.0625 0.22916666666666666
5 0.421875 0.6145833333333334 0.0625 0.22916666666666666
5 0.5 0.6145833333333334 0.0625 0.22916666666666666
5 0.578125 0.6145833333333334 0.0625 0.22916666666666666
5 0.65625 0.6145833333333334 0.0625 0.22916666666666666
5 0.734375 0.6145833333333334 0.0625 0.22916666666666666
7 0.8140625 0.6166666666666667 0.065625 0.23333333333333334
7 0.8953125 0.6166666666666667 0.065625 0.23333333333333334
7 0.0328125 0.8666666666666667 0.065625 0.23333333333333334
7 0.1140625 0.8666666666666667 0.065625 0.23333333333333334
7 0.1953125 0.8666666666666667 0.065625 0.23333333333333334
7 0.2765625 0.8666666666666667 0.065625 0.23333333333333334
7 0.3578125 0.8666666666666667 0.065625 0.23333333333333334
7 0.4390625 0.8666666666666667 0.065625 0.23333333333333334
7 0.5203125 0.8666666666666667 0.065625 0.23333333333333334
7 0.6015625 0.8666666666666667 0.065625 0.23333333333333334
7 0.6828125 0.8666666666666667 0.065625 0.23333333333333334
7 0.7640625 0.8666666666666667 0.065625 0.23333333333333334
7 0.8453125 0.8666666666666667 0.065625 0.23333333333333334
7 0.9265625 0.8666666666666667 0.065625 0.23333333333333334
