2 0.03125 0.10833333333333334 0.0625 0.21666666666666667
2 0.109375 0.10833333333333334 0.0625 0.21666666666666667
2 0.1875 0.10833333333333334 0.0625 0.21666666666666667
2 0.265625 0.10833333333333334 0.0625 0.21666666666666667
2 0.34375 0.10833333333333334 0.0625 0.21666666666666667
2 0.421875 0.10833333333333334 0.0625 0.21666666666666667
2 0.5 0.10833333333333334 0.0625 0.21666666666666667
2 0.578125 0.10833333333333334 0.0625 0.21666666666666667
2 0.65625 0.10833333333333334 0.0625 0.21666666666666667
2 0.734375 0.10833333333333334 0.0625 0.21666666666666667
2 0.8125 0.10833333333333334 0.0625 0.21666666666666667
2 0.890625 0.10833333333333334 0.0625 0.21666666666666667
7 0.03125 0.36041666666666666 0.0625 0.22083333333333333
7 0.109375 0.36041666666666666 0.0625 0.22083333333333333
7 0.1875 0.36041666666666666 0.0625 0.22083333333333333
7 0.265625 0.36041666666666666 0.0625 0.22083333333333333
7 0.34375 0.36041666666666666 0.0625 0.22083333333333333
7 0.421875 0.36041666666666666 0.0625 0.22083333333333333
7 0.5 0.36041666666666666 0.0625 0.22083333333333333
7 0.578125 0.36041666666666666 0.0625 0.22083333333333333
7 0.65625 0.36041666666666666 0.0625 0.22083333333333333
7 0.734375 0.36041666666666666 0.0625 0.22083333333333333
7 0.8125 0.36041666666666666 0.0625 0.22083333333333333
7 0.890625 0.36041666666666666 0.0625 0.22083333333333333
7 0.03125 0.6104166666666667 0.0625 0.22083333333333333
7 0.109375 0.6104166666666667 0.0625 0.22083333333333333
7 0.1875 0.6104166666666667 0.0625 0.22083333333333333
7 0.265625 0.6104166666666667 0.0625 0.22083333333333333
7 0.34375 0.6104166666666667 0.0625 0.22083333333333333
7 0.421875 0.6104166666666667 0.0625 0.22083333333333333
7 0.5 0.6104166666666667 0.0625 0.22083333333333333
7 0.578125 0.6104166666666667 0.0625 0.22083333333333333
3 0.653125 0.6104166666666667 0.05625 0.22083333333333333
3 0.725 0.6104166666666667 0.05625 0.22083333333333333
3 0.796875 0.6104166666666667 0.05625 0.22083333333333333
3 0.86875 0.6104166666666667 0.05625 0.22083333333333333
3 0.940625 0.6104166666666667 0.05625 0.22083333333333333
3 0.028125 0.8604166666666667 0.05625 0.22083333333333333
3 0.1 0.8604166666666667 0.05625 0.22083333333333333
3 0.171875 0.8604166666666667 0.05625 0.22083333333333333
3 0.24375 0.8604166666666667 0.05625 0.22083333333333333
3 0.315625 0.8604166666666667 0.05625 0.22083333333333333
3 0.3875 0.8604166666666667 0.05625 0.22083333333333333
3 0.459375 0.8604166666666667 0.05625 0.22083333333333333
3 0.53125 0.8604166666666667 0.05625 0.22083333333333333
3 0.603125 0.8604166666666667 0.05625 0.22083333333333333
3 0.675 0.8604166666666667 0.05625 0.22083333333333333
3 0.746875 0.8604166666666667 0.05625 0.22083333333333333
3 0.81875 0.8604166666666667 0.05625 0.22083333333333333
3 0.890625 0.8604166666666667 0.05625 0.22083333333333333
3 0.9625 0.8604166666666667 0.05625 0.22083333333333333
