1 0.0171875 0.11458333333333333 0.034375 0.22916666666666666
1 0.0671875 0.11458333333333333 0.034375 0.22916666666666666
1 0.1171875 0.11458333333333333 0.034375 0.22916666666666666
1 0.1671875 0.11458333333333333 0.034375 0.22916666666666666
2 0.234375 0.1125 0.06875 0.225
2 0.31875 0.1125 0.06875 0.225
2 0.403125 0.1125 0.06875 0.225
2 0.4875 0.1125 0.06875 0.225
2 0.571875 0.1125 0.06875 0.225
2 0.65625 0.1125 0.06875 0.225
2 0.740625 0.1125 0.06875 0.225
2 0.825 0.1125 0.06875 0.225
2 0.909375 0.1125 0.06875 0.225
2 0.034375 0.3625 0.06875 0.225
2 0.11875 0.3625 0.06875 0.225
2 0.203125 0.3625 0.06875 0.225
8 0.2859375 0.36041666666666666 0.065625 0.22083333333333333
8 0.3671875 0.36041666666666666 0.065625 0.22083333333333333
8 0.4484375 0.36041666666666666 0.065625 0.22083333333333333
8 0.5296875 0.36041666666666666 0.065625 0.22083333333333333
8 0.6109375 0.36041666666666666 0.065625 0.22083333333333333
8 0.6921875 0.36041666666666666 0.065625 0.22083333333333333
8 0.7734375 0.36041666666666666 0.065625 0.22083333333333333
8 0.8546875 0.36041666666666666 0.065625 0.22083333333333333
8 0.9359375 0.36041666666666666 0.065625 0.22083333333333333
8 0.0328125 0.6104166666666667 0.065625 0.22083333333333333
8 0.1140625 0.6104166666666667 0.065625 0.22083333333333333
8 0.1953125 0.6104166666666667 0.065625 0.22083333333333333
8 0.2765625 0.6104166666666667 0.065625 0.22083333333333333
8 0.3578125 0.6104166666666667 0.065625 0.22083333333333333
8 0.4390625 0.6104166666666667 0.065625 0.22083333333333333
8 0.5203125 0.6104166666666667 0.065625 0.22083333333333333
8 0.6015625 0.6104166666666667 0.065625 0.22083333333333333
8 0.6828125 0.6104166666666667 0.065625 0.22083333333333333
8 0.7640625 0.6104166666666667 0.065625 0.22083333333333333
8 0.8453125 0.6104166666666667 0.065625 0.22083333333333333
8 0.9265625 0.6104166666666667 0.065625 0.22083333333333333
8 0.0328125 0.8604166666666667 0.065625 0.22083333333333333
8 0.1140625 0.8604166666666667 0.065625 0.22083333333333333
4 0.19375 0.86875 0.0625 0.2375
4 0.271875 0.86875 0.0625 0.2375
4 0.35 0.86875 0.0625 0.2375
4 0.428125 0.86875 0.0625 0.2375
4 0.50625 0.86875 0.0625 0.2375
4 0.584375 0.86875 0.0625 0.2375
4 0.6625 0.86875 0.0625 0.2375
4 0.740625 0.86875 0.0625 0.2375
4 0.81875 0.86875 0.0625 0.2375
4 0.896875 0.86875 0.0625 0.2375
