1 0.0203125 0.11458333333333333 0.040625 0.22916666666666666
1 0.0765625 0.11458333333333333 0.040625 0.22916666666666666
1 0.1328125 0.11458333333333333 0.040625 0.22916666666666666
1 0.1890625 0.11458333333333333 0.040625 0.22916666666666666
8 0.25625 0.11041666666666666 0.0625 0.22083333333333333
8 0.334375 0.11041666666666666 0.0625 0.22083333333333333
8 0.4125 0.11041666666666666 0.0625 0.22083333333333333
8 0.490625 0.11041666666666666 0.0625 0.22083333333333333
8 0.56875 0.11041666666666666 0.0625 0.22083333333333333
8 0.646875 0.11041666666666666 0.0625 0.22083333333333333
8 0.725 0.11041666666666666 0.0625 0.22083333333333333
8 0.803125 0.11041666666666666 0.0625 0.22083333333333333
8 0.88125 0.11041666666666666 0.0625 0.22083333333333333
8 0.959375 0.11041666666666666 0.0625 0.22083333333333333
8 0.03125 0.36041666666666666 0.0625 0.22083333333333333
8 0.109375 0.36041666666666666 0.0625 0.22083333333333333
8 0.1875 0.36041666666666666 0.0625 0.22083333333333333
8 0.265625 0.36041666666666666 0.0625 0.22083333333333333
8 0.34375 0.36041666666666666 0.0625 0.22083333333333333
8 0.421875 0.36041666666666666 0.0625 0.22083333333333333
8 0.5 0.36041666666666666 0.0625 0.22083333333333333
8 0.578125 0.36041666666666666 0.0625 0.22083333333333333
8 0.65625 0.36041666666666666 0.0625 0.22083333333333333
8 0.734375 0.36041666666666666 0.0625 0.22083333333333333
8 0.8125 0.36041666666666666 0.0625 0.22083333333333333
8 0.890625 0.36041666666666666 0.0625 0.22083333333333333
8 0.03125 0.6104166666666667 0.0625 0.22083333333333333
9 0.1125 0.6125 0.06875 0.225
9 0.196875 0.6125 0.06875 0.225
9 0.28125 0.6125 0.06875 0.225
9 0.365625 0.6125 0.06875 0.225
9 0.45 0.6125 0.06875 0.225
9 0.534375 0.6125 0.06875 0.225
9 0.61875 0.6125 0.06875 0.225
9 0.703125 0.6125 0.06875 0.225
9 0.7875 0.6125 0.06875 0.225
9 0.871875 0.6125 0.06875 0.225
9 0.95625 0.6125 0.06875 0.225
9 0.034375 0.8625 0.06875 0.225
9 0.11875 0.8625 0.06875 0.225
9 0.203125 0.8625 0.06875 0.225
9 0.2875 0.8625 0.06875 0.225
9 0.371875 0.8625 0.06875 0.225
9 0.45625 0.8625 0.06875 0.225
9 0.540625 0.8625 0.06875 0.225
9 0.625 0.8625 0.06875 0.225
9 0.709375 0.8625 0.06875 0.225
