1 0.0171875 0.11458333333333333 0.034375 0.22916666666666666
1 0.0671875 0.11458333333333333 0.034375 0.22916666666666666
1 0.1171875 0.11458333333333333 0.034375 0.22916666666666666
1 0.1671875 0.11458333333333333 0.034375 0.22916666666666666
1 0.2203125 0.11458333333333333 0.040625 0.22916666666666666
1 0.2765625 0.11458333333333333 0.040625 0.22916666666666666
1 0.3328125 0.11458333333333333 0.040625 0.22916666666666666
1 0.3890625 0.11458333333333333 0.040625 0.22916666666666666
4 0.4546875 0.11041666666666666 0.059375 0.22083333333333333
4 0.5296875 0.11041666666666666 0.059375 0.22083333333333333
4 0.6046875 0.11041666666666666 0.059375 0.22083333333333333
4 0.6796875 0.11041666666666666 0.059375 0.22083333333333333
4 0.7546875 0.11041666666666666 0.059375 0.22083333333333333
4 0.8296875 0.11041666666666666 0.059375 0.22083333333333333
4 0.9046875 0.11041666666666666 0.059375 0.22083333333333333
4 0.0296875 0.36041666666666666 0.059375 0.22083333333333333
4 0.1046875 0.36041666666666666 0.059375 0.22083333333333333
4 0.1796875 0.36041666666666666 0.059375 0.22083333333333333
4 0.2546875 0.36041666666666666 0.059375 0.22083333333333333
4 0.3296875 0.36041666666666666 0.059375 0.22083333333333333
4 0.4046875 0.36041666666666666 0.059375 0.22083333333333333
4 0.4796875 0.36041666666666666 0.059375 0.22083333333333333
4 0.5546875 0.36041666666666666 0.059375 0.22083333333333333
4 0.6296875 0.36041666666666666 0.059375 0.22083333333333333
4 0.7046875 0.36041666666666666 0.059375 0.22083333333333333
4 0.7796875 0.36041666666666666 0.059375 0.22083333333333333
4 0.8546875 0.36041666666666666 0.059375 0.22083333333333333
4 0.9296875 0.36041666666666666 0.059375 0.22083333333333333
4 0.0296875 0.6104166666666667 0.059375 0.22083333333333333
4 0.1046875 0.6104166666666667 0.059375 0.22083333333333333
4 0.1796875 0.6104166666666667 0.059375 0.22083333333333333
4 0.2546875 0.6104166666666667 0.059375 0.22083333333333333
4 0.3296875 0.6104166666666667 0.059375 0.22083333333333333
9 0.409375 0.6145833333333334 0.06875 0.22916666666666666
9 0.49375 0.6145833333333334 0.06875 0.22916666666666666
9 0.578125 0.6145833333333334 0.06875 0.22916666666666666
9 0.6625 0.6145833333333334 0.06875 0.22916666666666666
9 0.746875 0.6145833333333334 0.06875 0.22916666666666666
9 0.83125 0.6145833333333334 0.06875 0.22916666666666666
9 0.915625 0.6145833333333334 0.06875 0.22916666666666666
9 0.034375 0.8645833333333334 0.06875 0.22916666666666666
9 0.11875 0.8645833333333334 0.06875 0.22916666666666666
9 0.203125 0.8645833333333334 0.06875 0.22916666666666666
9 0.2875 0.8645833333333334 0.06875 0.22916666666666666
9 0.371875 0.8645833333333334 0.06875 0.22916666666666666
9 0.45625 0.8645833333333334 0.06875 0.22916666666666666
9 0.540625 0.8645833333333334 0.06875 0.22916666666666666
9 0.625 0.8645833333333334 0.06875 0.22916666666666666
9 0.709375 0.8645833333333334 0.06875 0.22916666666666666
9 0.79375 0.8645833333333334 0.06875 0.22916666666666666
9 0.878125 0.8645833333333334 0.06875 0.22916666666666666
9 0.9625 0.8645833333333334 0.06875 0.22916666666666666
