1 0.0171875 0.11458333333333333 0.034375 0.22916666666666666
1 0.0671875 0.11458333333333333 0.034375 0.22916666666666666
1 0.1171875 0.11458333333333333 0.034375 0.22916666666666666
1 0.1671875 0.11458333333333333 0.034375 0.22916666666666666
1 0.2203125 0.11458333333333333 0.040625 0.22916666666666666
1 0.2765625 0.11458333333333333 0.040625 0.22916666666666666
1 0.3328125 0.11458333333333333 0.040625 0.22916666666666666
1 0.3890625 0.11458333333333333 0.040625 0.22916666666666666
3 0.4546875 0.11458333333333333 0.059375 0.22916666666666666
3 0.5296875 0.11458333333333333 0.059375 0.22916666666666666
3 0.6046875 0.11458333333333333 0.059375 0.22916666666666666
3 0.6796875 0.11458333333333333 0.059375 0.22916666666666666
3 0.7546875 0.11458333333333333 0.059375 0.22916666666666666
3 0.8296875 0.11458333333333333 0.059375 0.22916666666666666
3 0.9046875 0.11458333333333333 0.059375 0.22916666666666666
3 0.0296875 0.3645833333333333 0.059375 0.22916666666666666
3 0.1046875 0.3645833333333333 0.059375 0.22916666666666666
3 0.1796875 0.3645833333333333 0.059375 0.22916666666666666
3 0.2546875 0.3645833333333333 0.059375 0.22916666666666666
3 0.3296875 0.3645833333333333 0.059375 0.22916666666666666
3 0.4046875 0.3645833333333333 0.059375 0.22916666666666666
3 0.4796875 0.3645833333333333 0.059375 0.22916666666666666
3 0.5546875 0.3645833333333333 0.059375 0.22916666666666666
3 0.6296875 0.3645833333333333 0.059375 0.22916666666666666
3 0.7046875 0.3645833333333333 0.059375 0.22916666666666666
3 0.7796875 0.3645833333333333 0.059375 0.22916666666666666
3 0.8546875 0.3645833333333333 0.059375 0.22916666666666666
3 0.9296875 0.3645833333333333 0.059375 0.22916666666666666
