1 0.0171875 0.11041666666666666 0.034375 0.22083333333333333
1 0.0671875 0.11041666666666666 0.034375 0.22083333333333333
1 0.1171875 0.11041666666666666 0.034375 0.22083333333333333
1 0.1671875 0.11041666666666666 0.034375 0.22083333333333333
2 0.2296875 0.11041666666666666 0.059375 0.22083333333333333
2 0.3046875 0.11041666666666666 0.059375 0.22083333333333333
2 0.3796875 0.11041666666666666 0.059375 0.22083333333333333
2 0.4546875 0.11041666666666666 0.059375 0.22083333333333333
2 0.5296875 0.11041666666666666 0.059375 0.22083333333333333
2 0.6046875 0.11041666666666666 0.059375 0.22083333333333333
2 0.6796875 0.11041666666666666 0.059375 0.22083333333333333
2 0.7546875 0.11041666666666666 0.059375 0.22083333333333333
2 0.8296875 0.11041666666666666 0.059375 0.22083333333333333
2 0.9046875 0.11041666666666666 0.059375 0.22083333333333333
2 0.0296875 0.36041666666666666 0.059375 0.22083333333333333
2 0.1046875 0.36041666666666666 0.059375 0.22083333333333333
7 0.1828125 0.36041666666666666 0.065625 0.22083333333333333
7 0.2640625 0.36041666666666666 0.065625 0.22083333333333333
7 0.3453125 0.36041666666666666 0.065625 0.22083333333333333
7 0.4265625 0.36041666666666666 0.065625 0.22083333333333333
7 0.5078125 0.36041666666666666 0.065625 0.22083333333333333
7 0.5890625 0.36041666666666666 0.065625 0.22083333333333333
7 0.6703125 0.36041666666666666 0.065625 0.22083333333333333
7 0.7515625 0.36041666666666666 0.065625 0.22083333333333333
7 0.8328125 0.36041666666666666 0.065625 0.22083333333333333
7 0.9140625 0.36041666666666666 0.065625 0.22083333333333333
7 0.0328125 0.6104166666666667 0.065625 0.22083333333333333
7 0.1140625 0.6104166666666667 0.065625 0.22083333333333333
7 0.1953125 0.6104166666666667 0.065625 0.22083333333333333
7 0.2765625 0.6104166666666667 0.065625 0.22083333333333333
7 0.3578125 0.6104166666666667 0.065625 0.22083333333333333
7 0.4390625 0.6104166666666667 0.065625 0.22083333333333333
7 0.5203125 0.6104166666666667 0.065625 0.22083333333333333
7 0.6015625 0.6104166666666667 0.065625 0.22083333333333333
7 0.6828125 0.6104166666666667 0.065625 0.22083333333333333
7 0.7640625 0.6104166666666667 0.065625 0.22083333333333333
