1 0.0171875 0.11458333333333333 0.034375 0.22916666666666666
1 0.0671875 0.11458333333333333 0.034375 0.22916666666666666
1 0.1171875 0.11458333333333333 0.034375 0.22916666666666666
1 0.1671875 0.11458333333333333 0.034375 0.22916666666666666
1 0.2171875 0.11666666666666667 0.034375 0.23333333333333334
1 0.2671875 0.11666666666666667 0.034375 0.23333333333333334
1 0.3171875 0.11666666666666667 0.034375 0.23333333333333334
1 0.3671875 0.11666666666666667 0.034375 0.23333333333333334
8 0.43125 0.1125 0.0625 0.225
8 0.509375 0.1125 0.0625 0.225
8 0.5875 0.1125 0.0625 0.225
8 0.665625 0.1125 0.0625 0.225
8 0.74375 0.1125 0.0625 0.225
8 0.821875 0.1125 0.0625 0.225
8 0.9 0.1125 0.0625 0.225
8 0.03125 0.3625 0.0625 0.225
8 0.109375 0.3625 0.0625 0.225
8 0.1875 0.3625 0.0625 0.225
8 0.265625 0.3625 0.0625 0.225
8 0.34375 0.3625 0.0625 0.225
8 0.421875 0.3625 0.0625 0.225
8 0.5 0.3625 0.0625 0.225
8 0.578125 0.3625 0.0625 0.225
8 0.65625 0.3625 0.0625 0.225
8 0.734375 0.3625 0.0625 0.225
8 0.8125 0.3625 0.0625 0.225
8 0.890625 0.3625 0.0625 0.225
8 0.03125 0.6125 0.0625 0.225
8 0.109375 0.6125 0.0625 0.225
8 0.1875 0.6125 0.0625 0.225
8 0.265625 0.6125 0.0625 0.225
