1 0.0171875 0.11041666666666666 0.034375 0.22083333333333333
1 0.0671875 0.11041666666666666 0.034375 0.22083333333333333
1 0.1171875 0.11041666666666666 0.034375 0.22083333333333333
1 0.1671875 0.11041666666666666 0.034375 0.22083333333333333
2 0.2296875 0.11041666666666666 0.059375 0.22083333333333333
2 0.3046875 0.11041666666666666 0.059375 0.22083333333333333
2 0.3796875 0.11041666666666666 0.059375 0.22083333333333333
2 0.4546875 0.11041666666666666 0.059375 0.22083333333333333
2 0.5296875 0.11041666666666666 0.059375 0.22083333333333333
2 0.6046875 0.11041666666666666 0.059375 0.22083333333333333
2 0.6796875 0.11041666666666666 0.059375 0.22083333333333333
2 0.7546875 0.11041666666666666 0.059375 0.22083333333333333
2 0.8296875 0.11041666666666666 0.059375 0.22083333333333333
2 0.9046875 0.11041666666666666 0.059375 0.22083333333333333
2 0.0296875 0.36041666666666666 0.059375 0.22083333333333333
2 0.1046875 0.36041666666666666 0.059375 0.22083333333333333
4 0.178125 0.3625 0.05625 0.225
4 0.25 0.3625 0.05625 0.225
4 0.321875 0.3625 0.05625 0.225
4 0.39375 0.3625 0.05625 0.225
4 0.465625 0.3625 0.05625 0.225
4 0.5375 0.3625 0.05625 0.225
4 0.609375 0.3625 0.05625 0.225
4 0.68125 0.3625 0.05625 0.225
4 0.753125 0.3625 0.05625 0.225
4 0.825 0.3625 0.05625 0.225
4 0.896875 0.3625 0.05625 0.225
4 0.96875 0.3625 0.05625 0.225
4 0.028125 0.6125 0.05625 0.225
4 0.1 0.6125 0.05625 0.225
4 0.171875 0.6125 0.05625 0.225
4 0.24375 0.6125 0.05625 0.225
4 0.315625 0.6125 0.05625 0.225
4 0.3875 0.6125 0.05625 0.225
4 0.459375 0.6125 0.05625 0.225
4 0.53125 0.6125 0.05625 0.225
4 0.603125 0.6125 0.05625 0.225
4 0.675 0.6125 0.05625 0.225
4 0.746875 0.6125 0.05625 0.225
4 0.81875 0.6125 0.05625 0.225
4 0.890625 0.6125 0.05625 0.225
