3 0.0296875 0.10833333333333334 0.059375 0.21666666666666667
3 0.1046875 0.10833333333333334 0.059375 0.21666666666666667
3 0.1796875 0.10833333333333334 0.059375 0.21666666666666667
3 0.2546875 0.10833333333333334 0.059375 0.21666666666666667
3 0.3296875 0.10833333333333334 0.059375 0.21666666666666667
3 0.4046875 0.10833333333333334 0.059375 0.21666666666666667
3 0.4796875 0.10833333333333334 0.059375 0.21666666666666667
3 0.5546875 0.10833333333333334 0.059375 0.21666666666666667
3 0.6296875 0.10833333333333334 0.059375 0.21666666666666667
3 0.7046875 0.10833333333333334 0.059375 0.21666666666666667
3 0.7796875 0.10833333333333334 0.059375 0.21666666666666667
3 0.8546875 0.10833333333333334 0.059375 0.21666666666666667
3 0.9296875 0.10833333333333334 0.059375 0.21666666666666667
3 0.0296875 0.35833333333333334 0.059375 0.21666666666666667
3 0.1046875 0.35833333333333334 0.059375 0.21666666666666667
3 0.1796875 0.35833333333333334 0.059375 0.21666666666666667
3 0.2546875 0.35833333333333334 0.059375 0.21666666666666667
3 0.3296875 0.35833333333333334 0.059375 0.21666666666666667
3 0.4046875 0.35833333333333334 0.059375 0.21666666666666667
3 0.4796875 0.35833333333333334 0.059375 0.21666666666666667
7 0.5546875 0.35833333333333334 0.059375 0.21666666666666667
7 0.6296875 0.35833333333333334 0.059375 0.21666666666666667
7 0.7046875 0.35833333333333334 0.059375 0.21666666666666667
7 0.7796875 0.35833333333333334 0.059375 0.21666666666666667
7 0.8546875 0.35833333333333334 0.059375 0.21666666666666667
7 0.9296875 0.35833333333333334 0.059375 0.21666666666666667
7 0.0296875 0.6083333333333333 0.059375 0.21666666666666667
7 0.1046875 0.6083333333333333 0.059375 0.21666666666666667
7 0.1796875 0.6083333333333333 0.059375 0.21666666666666667
7 0.2546875 0.6083333333333333 0.059375 0.21666666666666667
7 0.3296875 0.6083333333333333 0.059375 0.21666666666666667
7 0.4046875 0.6083333333333333 0.059375 0.21666666666666667
7 0.4796875 0.6083333333333333 0.059375 0.21666666666666667
7 0.5546875 0.6083333333333333 0.059375 0.21666666666666667
7 0.6296875 0.6083333333333333 0.059375 0.21666666666666667
7 0.7046875 0.6083333333333333 0.059375 0.21666666666666667
7 0.7796875 0.6083333333333333 0.059375 0.21666666666666667
7 0.8546875 0.6083333333333333 0.059375 0.21666666666666667
7 0.9296875 0.6083333333333333 0.059375 0.21666666666666667
7 0.0296875 0.8583333333333333 0.059375 0.21666666666666667
6 0.103125 0.8625 0.05625 0.225
6 0.175 0.8625 0.05625 0.225
6 0.246875 0.8625 0.05625 0.225
6 0.31875 0.8625 0.05625 0.225
6 0.390625 0.8625 0.05625 0.225
6 0.4625 0.8625 0.05625 0.225
6 0.534375 0.8625 0.05625 0.225
6 0.60625 0.8625 0.05625 0.225
6 0.678125 0.8625 0.05625 0.225
6 0.75 0.8625 0.05625 0.225
6 0.821875 0.8625 0.05625 0.225
6 0.89375 0.8625 0.05625 0.225
6 0.965625 0.8625 0.05625 0.225
