1 0.015625 0.1125 0.03125 0.225
1 0.0625 0.1125 0.03125 0.225
1 0.109375 0.1125 0.03125 0.225
1 0.15625 0.1125 0.03125 0.225
2 0.2203125 0.11458333333333333 0.065625 0.22916666666666666
2 0.3015625 0.11458333333333333 0.065625 0.22916666666666666
2 0.3828125 0.11458333333333333 0.065625 0.22916666666666666
2 0.4640625 0.11458333333333333 0.065625 0.22916666666666666
2 0.5453125 0.11458333333333333 0.065625 0.22916666666666666
2 0.6265625 0.11458333333333333 0.065625 0.22916666666666666
2 0.7078125 0.11458333333333333 0.065625 0.22916666666666666
2 0.7890625 0.11458333333333333 0.065625 0.22916666666666666
2 0.8703125 0.11458333333333333 0.065625 0.22916666666666666
2 0.9515625 0.11458333333333333 0.065625 0.22916666666666666
2 0.0328125 0.3645833333333333 0.065625 0.22916666666666666
2 0.1140625 0.3645833333333333 0.065625 0.22916666666666666
3 0.1953125 0.36041666666666666 0.065625 0.22083333333333333
3 0.2765625 0.36041666666666666 0.065625 0.22083333333333333
3 0.3578125 0.36041666666666666 0.065625 0.22083333333333333
3 0.4390625 0.36041666666666666 0.065625 0.22083333333333333
3 0.5203125 0.36041666666666666 0.065625 0.22083333333333333
3 0.6015625 0.36041666666666666 0.065625 0.22083333333333333
3 0.6828125 0.36041666666666666 0.065625 0.22083333333333333
3 0.7640625 0.36041666666666666 0.065625 0.22083333333333333
3 0.8453125 0.36041666666666666 0.065625 0.22083333333333333
3 0.9265625 0.36041666666666666 0.065625 0.22083333333333333
3 0.0328125 0.6104166666666667 0.065625 0.22083333333333333
3 0.1140625 0.6104166666666667 0.065625 0.22083333333333333
3 0.1953125 0.6104166666666667 0.065625 0.22083333333333333
3 0.2765625 0.6104166666666667 0.065625 0.22083333333333333
3 0.3578125 0.6104166666666667 0.065625 0.22083333333333333
3 0.4390625 0.6104166666666667 0.065625 0.22083333333333333
3 0.5203125 0.6104166666666667 0.065625 0.22083333333333333
3 0.6015625 0.6104166666666667 0.065625 0.22083333333333333
3 0.6828125 0.6104166666666667 0.065625 0.22083333333333333
3 0.7640625 0.6104166666666667 0.065625 0.22083333333333333
4 0.8421875 0.6166666666666667 0.059375 0.23333333333333334
4 0.9171875 0.6166666666666667 0.059375 0.23333333333333334
4 0.0296875 0.8666666666666667 0.059375 0.23333333333333334
4 0.1046875 0.8666666666666667 0.059375 0.23333333333333334
4 0.1796875 0.8666666666666667 0.059375 0.23333333333333334
4 0.2546875 0.8666666666666667 0.059375 0.23333333333333334
4 0.3296875 0.8666666666666667 0.059375 0.23333333333333334
4 0.4046875 0.8666666666666667 0.059375 0.23333333333333334
4 0.4796875 0.8666666666666667 0.059375 0.23333333333333334
4 0.5546875 0.8666666666666667 0.059375 0.23333333333333334
4 0.6296875 0.8666666666666667 0.059375 0.23333333333333334
4 0.7046875 0.8666666666666667 0.059375 0.23333333333333334
4 0.7796875 0.8666666666666667 0.059375 0.23333333333333334
4 0.8546875 0.8666666666666667 0.059375 0.23333333333333334
4 0.9296875 0.8666666666666667 0.059375 0.23333333333333334
