1 0.01875 0.11041666666666666 0.0375 0.22083333333333333
1 0.071875 0.11041666666666666 0.0375 0.22083333333333333
1 0.125 0.11041666666666666 0.0375 0.22083333333333333
1 0.178125 0.11041666666666666 0.0375 0.22083333333333333
3 0.240625 0.1125 0.05625 0.225
3 0.3125 0.1125 0.05625 0.225
3 0.384375 0.1125 0.05625 0.225
3 0.45625 0.1125 0.05625 0.225
3 0.528125 0.1125 0.05625 0.225
3 0.6 0.1125 0.05625 0.225
3 0.671875 0.1125 0.05625 0.225
3 0.74375 0.1125 0.05625 0.225
3 0.815625 0.1125 0.05625 0.225
3 0.8875 0.1125 0.05625 0.225
3 0.959375 0.1125 0.05625 0.225
3 0.028125 0.3625 0.05625 0.225
3 0.1 0.3625 0.05625 0.225
3 0.171875 0.3625 0.05625 0.225
3 0.24375 0.3625 0.05625 0.225
3 0.315625 0.3625 0.05625 0.225
3 0.3875 0.3625 0.05625 0.225
3 0.459375 0.3625 0.05625 0.225
3 0.53125 0.3625 0.05625 0.225
3 0.603125 0.3625 0.05625 0.225
2 0.678125 0.36041666666666666 0.0625 0.22083333333333333
2 0.75625 0.36041666666666666 0.0625 0.22083333333333333
2 0.834375 0.36041666666666666 0.0625 0.22083333333333333
2 0.9125 0.36041666666666666 0.0625 0.22083333333333333
2 0.03125 0.6104166666666667 0.0625 0.22083333333333333
2 0.109375 0.6104166666666667 0.0625 0.22083333333333333
2 0.1875 0.6104166666666667 0.0625 0.22083333333333333
2 0.265625 0.6104166666666667 0.0625 0.22083333333333333
2 0.34375 0.6104166666666667 0.0625 0.22083333333333333
2 0.421875 0.6104166666666667 0.0625 0.22083333333333333
2 0.5 0.6104166666666667 0.0625 0.22083333333333333
2 0.578125 0.6104166666666667 0.0625 0.22083333333333333
