1 0.0171875 0.1125 0.034375 0.225
1 0.0671875 0.1125 0.034375 0.225
1 0.1171875 0.1125 0.034375 0.225
1 0.1671875 0.1125 0.034375 0.225
9 0.2328125 0.11041666666666666 0.065625 0.22083333333333333
9 0.3140625 0.11041666666666666 0.065625 0.22083333333333333
9 0.3953125 0.11041666666666666 0.065625 0.22083333333333333
9 0.4765625 0.11041666666666666 0.065625 0.22083333333333333
9 0.5578125 0.11041666666666666 0.065625 0.22083333333333333
9 0.6390625 0.11041666666666666 0.065625 0.22083333333333333
9 0.7203125 0.11041666666666666 0.065625 0.22083333333333333
9 0.8015625 0.11041666666666666 0.065625 0.22083333333333333
9 0.8828125 0.11041666666666666 0.065625 0.22083333333333333
9 0.9640625 0.11041666666666666 0.065625 0.22083333333333333
9 0.0328125 0.36041666666666666 0.065625 0.22083333333333333
9 0.1140625 0.36041666666666666 0.065625 0.22083333333333333
9 0.1953125 0.36041666666666666 0.065625 0.22083333333333333
9 0.2765625 0.36041666666666666 0.065625 0.22083333333333333
9 0.3578125 0.36041666666666666 0.065625 0.22083333333333333
9 0.4390625 0.36041666666666666 0.065625 0.22083333333333333
9 0.5203125 0.36041666666666666 0.065625 0.22083333333333333
9 0.6015625 0.36041666666666666 0.065625 0.22083333333333333
9 0.6828125 0.36041666666666666 0.065625 0.22083333333333333
9 0.7640625 0.36041666666666666 0.065625 0.22083333333333333
7 0.84375 0.36666666666666664 0.0625 0.23333333333333334
7 0.921875 0.36666666666666664 0.0625 0.23333333333333334
7 0.03125 0.6166666666666667 0.0625 0.23333333333333334
7 0.109375 0.6166666666666667 0.0625 0.23333333333333334
7 0.1875 0.6166666666666667 0.0625 0.23333333333333334
7 0.265625 0.6166666666666667 0.0625 0.23333333333333334
7 0.34375 0.6166666666666667 0.0625 0.23333333333333334
7 0.421875 0.6166666666666667 0.0625 0.23333333333333334
7 0.5 0.6166666666666667 0.0625 0.23333333333333334
7 0.578125 0.6166666666666667 0.0625 0.23333333333333334
7 0.65625 0.6166666666666667 0.0625 0.23333333333333334
7 0.734375 0.6166666666666667 0.0625 0.23333333333333334
7 0.8125 0.6166666666666667 0.0625 0.23333333333333334
7 0.890625 0.6166666666666667 0.0625 0.23333333333333334
7 0.03125 0.8666666666666667 0.0625 0.23333333333333334
7 0.109375 0.8666666666666667 0.0625 0.23333333333333334
7 0.1875 0.8666666666666667 0.0625 0.23333333333333334
7 0.265625 0.8666666666666667 0.0625 0.23333333333333334
7 0.34375 0.8666666666666667 0.0625 0.23333333333333334
7 0.421875 0.8666666666666667 0.0625 0.23333333333333334
