1 0.01875 0.10833333333333334 0.0375 0.21666666666666667
1 0.071875 0.10833333333333334 0.0375 0.21666666666666667
1 0.125 0.10833333333333334 0.0375 0.21666666666666667
1 0.178125 0.10833333333333334 0.0375 0.21666666666666667
3 0.24375 0.11458333333333333 0.0625 0.22916666666666666
3 0.321875 0.11458333333333333 0.0625 0.22916666666666666
3 0.4 0.11458333333333333 0.0625 0.22916666666666666
3 0.478125 0.11458333333333333 0.0625 0.22916666666666666
3 0.55625 0.11458333333333333 0.0625 0.22916666666666666
3 0.634375 0.11458333333333333 0.0625 0.22916666666666666
3 0.7125 0.11458333333333333 0.0625 0.22916666666666666
3 0.790625 0.11458333333333333 0.0625 0.22916666666666666
3 0.86875 0.11458333333333333 0.0625 0.22916666666666666
3 0.946875 0.11458333333333333 0.0625 0.22916666666666666
3 0.03125 0.3645833333333333 0.0625 0.22916666666666666
3 0.109375 0.3645833333333333 0.0625 0.22916666666666666
3 0.1875 0.3645833333333333 0.0625 0.22916666666666666
3 0.265625 0.3645833333333333 0.0625 0.22916666666666666
3 0.34375 0.3645833333333333 0.0625 0.22916666666666666
3 0.421875 0.3645833333333333 0.0625 0.22916666666666666
3 0.5 0.3645833333333333 0.0625 0.22916666666666666
3 0.578125 0.3645833333333333 0.0625 0.22916666666666666
3 0.65625 0.3645833333333333 0.0625 0.22916666666666666
3 0.734375 0.3645833333333333 0.0625 0.22916666666666666
7 0.8109375 0.35833333333333334 0.059375 0.21666666666666667
7 0.8859375 0.35833333333333334 0.059375 0.21666666666666667
7 0.9609375 0.35833333333333334 0.059375 0.21666666666666667
7 0.0296875 0.6083333333333333 0.059375 0.21666666666666667
7 0.1046875 0.6083333333333333 0.059375 0.21666666666666667
7 0.1796875 0.6083333333333333 0.059375 0.21666666666666667
7 0.2546875 0.6083333333333333 0.059375 0.21666666666666667
7 0.3296875 0.6083333333333333 0.059375 0.21666666666666667
7 0.4046875 0.6083333333333333 0.059375 0.21666666666666667
7 0.4796875 0.6083333333333333 0.059375 0.21666666666666667
7 0.5546875 0.6083333333333333 0.059375 0.21666666666666667
7 0.6296875 0.6083333333333333 0.059375 0.21666666666666667
7 0.7046875 0.6083333333333333 0.059375 0.21666666666666667
7 0.7796875 0.6083333333333333 0.059375 0.21666666666666667
7 0.8546875 0.6083333333333333 0.059375 0.21666666666666667
7 0.9296875 0.6083333333333333 0.059375 0.21666666666666667
7 0.0296875 0.8583333333333333 0.059375 0.21666666666666667
7 0.1046875 0.8583333333333333 0.059375 0.21666666666666667
7 0.1796875 0.8583333333333333 0.059375 0.21666666666666667
7 0.2546875 0.8583333333333333 0.059375 0.21666666666666667
