1 0.0171875 0.11458333333333333 0.034375 0.22916666666666666
1 0.0671875 0.11458333333333333 0.034375 0.22916666666666666
1 0.1171875 0.11458333333333333 0.034375 0.22916666666666666
1 0.1671875 0.11458333333333333 0.034375 0.22916666666666666
2 0.23125 0.1125 0.0625 0.225
2 0.309375 0.1125 0.0625 0.225
2 0.3875 0.1125 0.0625 0.225
2 0.465625 0.1125 0.0625 0.225
2 0.54375 0.1125 0.0625 0.225
2 0.621875 0.1125 0.0625 0.225
2 0.7 0.1125 0.0625 0.225
2 0.778125 0.1125 0.0625 0.225
2 0.85625 0.1125 0.0625 0.225
2 0.934375 0.1125 0.0625 0.225
2 0.03125 0.3625 0.0625 0.225
2 0.109375 0.3625 0.0625 0.225
7 0.1875 0.3645833333333333 0.0625 0.22916666666666666
7 0.265625 0.3645833333333333 0.0625 0.22916666666666666
7 0.34375 0.3645833333333333 0.0625 0.22916666666666666
7 0.421875 0.3645833333333333 0.0625 0.22916666666666666
7 0.5 0.3645833333333333 0.0625 0.22916666666666666
7 0.578125 0.3645833333333333 0.0625 0.22916666666666666
7 0.65625 0.3645833333333333 0.0625 0.22916666666666666
7 0.734375 0.3645833333333333 0.0625 0.22916666666666666
7 0.8125 0.3645833333333333 0.0625 0.22916666666666666
7 0.890625 0.3645833333333333 0.0625 0.22916666666666666
7 0.03125 0.6145833333333334 0.0625 0.22916666666666666
7 0.109375 0.6145833333333334 0.0625 0.22916666666666666
7 0.1875 0.6145833333333334 0.0625 0.22916666666666666
7 0.265625 0.6145833333333334 0.0625 0.22916666666666666
7 0.34375 0.6145833333333334 0.0625 0.22916666666666666
7 0.421875 0.6145833333333334 0.0625 0.22916666666666666
7 0.5 0.6145833333333334 0.0625 0.22916666666666666
7 0.578125 0.6145833333333334 0.0625 0.22916666666666666
7 0.65625 0.6145833333333334 0.0625 0.22916666666666666
7 0.734375 0.6145833333333334 0.0625 0.22916666666666666
1 0.8015625 0.6145833333333334 0.040625 0.22916666666666666
1 0.8578125 0.6145833333333334 0.040625 0.22916666666666666
1 0.9140625 0.6145833333333334 0.040625 0.22916666666666666
1 0.9703125 0.6145833333333334 0.040625 0.22916666666666666
