1 0.015625 0.11458333333333333 0.03125 0.22916666666666666
1 0.0625 0.11458333333333333 0.03125 0.22916666666666666
1 0.109375 0.11458333333333333 0.03125 0.22916666666666666
1 0.15625 0.11458333333333333 0.03125 0.22916666666666666
6 0.215625 0.1125 0.05625 0.225
6 0.2875 0.1125 0.05625 0.225
6 0.359375 0.1125 0.05625 0.225
6 0.43125 0.1125 0.05625 0.225
6 0.503125 0.1125 0.05625 0.225
6 0.575 0.1125 0.05625 0.225
6 0.646875 0.1125 0.05625 0.225
6 0.71875 0.1125 0.05625 0.225
6 0.790625 0.1125 0.05625 0.225
6 0.8625 0.1125 0.05625 0.225
6 0.934375 0.1125 0.05625 0.225
6 0.028125 0.3625 0.05625 0.225
6 0.1 0.3625 0.05625 0.225
6 0.171875 0.3625 0.05625 0.225
6 0.24375 0.3625 0.05625 0.225
9 0.31875 0.35833333333333334 0.0625 0.21666666666666667
9 0.396875 0.35833333333333334 0.0625 0.21666666666666667
9 0.475 0.35833333333333334 0.0625 0.21666666666666667
9 0.553125 0.35833333333333334 0.0625 0.21666666666666667
9 0.63125 0.35833333333333334 0.0625 0.21666666666666667
9 0.709375 0.35833333333333334 0.0625 0.21666666666666667
9 0.7875 0.35833333333333334 0.0625 0.21666666666666667
9 0.865625 0.35833333333333334 0.0625 0.21666666666666667
9 0.94375 0.35833333333333334 0.0625 0.21666666666666667
9 0.03125 0.6083333333333333 0.0625 0.21666666666666667
9 0.109375 0.6083333333333333 0.0625 0.21666666666666667
9 0.1875 0.6083333333333333 0.0625 0.21666666666666667
9 0.265625 0.6083333333333333 0.0625 0.21666666666666667
9 0.34375 0.6083333333333333 0.0625 0.21666666666666667
9 0.421875 0.6083333333333333 0.0625 0.21666666666666667
9 0.5 0.6083333333333333 0.0625 0.21666666666666667
9 0.578125 0.6083333333333333 0.0625 0.21666666666666667
9 0.65625 0.6083333333333333 0.0625 0.21666666666666667
9 0.734375 0.6083333333333333 0.0625 0.21666666666666667
9 0.8125 0.6083333333333333 0.0625 0.21666666666666667
