1 0.01875 0.1125 0.0375 0.225
1 0.071875 0.1125 0.0375 0.225
1 0.125 0.1125 0.0375 0.225
1 0.178125 0.1125 0.0375 0.225
2 0.2421875 0.11041666666666666 0.059375 0.22083333333333333
2 0.3171875 0.11041666666666666 0.059375 0.22083333333333333
2 0.3921875 0.11041666666666666 0.059375 0.22083333333333333
2 0.4671875 0.11041666666666666 0.059375 0.22083333333333333
2 0.5421875 0.11041666666666666 0.059375 0.22083333333333333
2 0.6171875 0.11041666666666666 0.059375 0.22083333333333333
2 0.6921875 0.11041666666666666 0.059375 0.22083333333333333
2 0.7671875 0.11041666666666666 0.059375 0.22083333333333333
2 0.8421875 0.11041666666666666 0.059375 0.22083333333333333
2 0.9171875 0.11041666666666666 0.059375 0.22083333333333333
2 0.0296875 0.36041666666666666 0.059375 0.22083333333333333
2 0.1046875 0.36041666666666666 0.059375 0.22083333333333333
5 0.178125 0.3541666666666667 0.05625 0.20833333333333334
5 0.25 0.3541666666666667 0.05625 0.20833333333333334
5 0.321875 0.3541666666666667 0.05625 0.20833333333333334
5 0.39375 0.3541666666666667 0.05625 0.20833333333333334
5 0.465625 0.3541666666666667 0.05625 0.20833333333333334
5 0.5375 0.3541666666666667 0.05625 0.20833333333333334
5 0.609375 0.3541666666666667 0.05625 0.20833333333333334
5 0.68125 0.3541666666666667 0.05625 0.20833333333333334
5 0.753125 0.3541666666666667 0.05625 0.20833333333333334
5 0.825 0.3541666666666667 0.05625 0.20833333333333334
5 0.896875 0.3541666666666667 0.05625 0.20833333333333334
5 0.96875 0.3541666666666667 0.05625 0.20833333333333334
5 0.028125 0.6041666666666666 0.05625 0.20833333333333334
5 0.1 0.6041666666666666 0.05625 0.20833333333333334
5 0.171875 0.6041666666666666 0.05625 0.20833333333333334
5 0.24375 0.6041666666666666 0.05625 0.20833333333333334
5 0.315625 0.6041666666666666 0.05625 0.20833333333333334
5 0.3875 0.6041666666666666 0.05625 0.20833333333333334
5 0.459375 0.6041666666666666 0.05625 0.20833333333333334
5 0.53125 0.6041666666666666 0.05625 0.20833333333333334
