1 0.015625 0.11041666666666666 0.03125 0.22083333333333333
1 0.0625 0.11041666666666666 0.03125 0.22083333333333333
1 0.109375 0.11041666666666666 0.03125 0.22083333333333333
1 0.15625 0.11041666666666666 0.03125 0.22083333333333333
5 0.2140625 0.10833333333333334 0.053125 0.21666666666666667
5 0.2828125 0.10833333333333334 0.053125 0.21666666666666667
5 0.3515625 0.10833333333333334 0.053125 0.21666666666666667
5 0.4203125 0.10833333333333334 0.053125 0.21666666666666667
5 0.4890625 0.10833333333333334 0.053125 0.21666666666666667
5 0.5578125 0.10833333333333334 0.053125 0.21666666666666667
5 0.6265625 0.10833333333333334 0.053125 0.21666666666666667
5 0.6953125 0.10833333333333334 0.053125 0.21666666666666667
5 0.7640625 0.10833333333333334 0.053125 0.21666666666666667
5 0.8328125 0.10833333333333334 0.053125 0.21666666666666667
5 0.9015625 0.10833333333333334 0.053125 0.21666666666666667
5 0.9703125 0.10833333333333334 0.053125 0.21666666666666667
5 0.0265625 0.35833333333333334 0.053125 0.21666666666666667
5 0.0953125 0.35833333333333334 0.053125 0.21666666666666667
5 0.1640625 0.35833333333333334 0.053125 0.21666666666666667
5 0.2328125 0.35833333333333334 0.053125 0.21666666666666667
5 0.3015625 0.35833333333333334 0.053125 0.21666666666666667
5 0.3703125 0.35833333333333334 0.053125 0.21666666666666667
5 0.4390625 0.35833333333333334 0.053125 0.21666666666666667
5 0.5078125 0.35833333333333334 0.053125 0.21666666666666667
8 0.5796875 0.36041666666666666 0.059375 0.22083333333333333
8 0.6546875 0.36041666666666666 0.059375 0.22083333333333333
8 0.7296875 0.36041666666666666 0.059375 0.22083333333333333
8 0.8046875 0.36041666666666666 0.059375 0.22083333333333333
8 0.8796875 0.36041666666666666 0.059375 0.22083333333333333
8 0.9546875 0.36041666666666666 0.059375 0.22083333333333333
8 0.0296875 0.6104166666666667 0.059375 0.22083333333333333
8 0.1046875 0.6104166666666667 0.059375 0.22083333333333333
8 0.1796875 0.6104166666666667 0.059375 0.22083333333333333
8 0.2546875 0.6104166666666667 0.059375 0.22083333333333333
8 0.3296875 0.6104166666666667 0.059375 0.22083333333333333
8 0.4046875 0.6104166666666667 0.059375 0.22083333333333333
8 0.4796875 0.6104166666666667 0.059375 0.22083333333333333
8 0.5546875 0.6104166666666667 0.059375 0.22083333333333333
8 0.6296875 0.6104166666666667 0.059375 0.22083333333333333
8 0.7046875 0.6104166666666667 0.059375 0.22083333333333333
8 0.7796875 0.6104166666666667 0.059375 0.22083333333333333
8 0.8546875 0.6104166666666667 0.059375 0.22083333333333333
8 0.9296875 0.6104166666666667 0.059375 0.22083333333333333
8 0.0296875 0.8604166666666667 0.059375 0.22083333333333333
8 0.1046875 0.8604166666666667 0.059375 0.22083333333333333
8 0.1796875 0.8604166666666667 0.059375 0.22083333333333333
8 0.2546875 0.8604166666666667 0.059375 0.22083333333333333
