1 0.01875 0.11458333333333333 0.0375 0.22916666666666666
1 0.071875 0.11458333333333333 0.0375 0.22916666666666666
1 0.125 0.11458333333333333 0.0375 0.22916666666666666
1 0.178125 0.11458333333333333 0.0375 0.22916666666666666
2 0.2421875 0.11041666666666666 0.059375 0.22083333333333333
2 0.3171875 0.11041666666666666 0.059375 0.22083333333333333
2 0.3921875 0.11041666666666666 0.059375 0.22083333333333333
2 0.4671875 0.11041666666666666 0.059375 0.22083333333333333
2 0.5421875 0.11041666666666666 0.059375 0.22083333333333333
2 0.6171875 0.11041666666666666 0.059375 0.22083333333333333
2 0.6921875 0.11041666666666666 0.059375 0.22083333333333333
2 0.7671875 0.11041666666666666 0.059375 0.22083333333333333
2 0.8421875 0.11041666666666666 0.059375 0.22083333333333333
2 0.9171875 0.11041666666666666 0.059375 0.22083333333333333
2 0.0296875 0.36041666666666666 0.059375 0.22083333333333333
2 0.1046875 0.36041666666666666 0.059375 0.22083333333333333
4 0.18125 0.36041666666666666 0.0625 0.22083333333333333
4 0.259375 0.36041666666666666 0.0625 0.22083333333333333
4 0.3375 0.36041666666666666 0.0625 0.22083333333333333
4 0.415625 0.36041666666666666 0.0625 0.22083333333333333
4 0.49375 0.36041666666666666 0.0625 0.22083333333333333
4 0.571875 0.36041666666666666 0.0625 0.22083333333333333
4 0.65 0.36041666666666666 0.0625 0.22083333333333333
4 0.728125 0.36041666666666666 0.0625 0.22083333333333333
4 0.80625 0.36041666666666666 0.0625 0.22083333333333333
4 0.884375 0.36041666666666666 0.0625 0.22083333333333333
4 0.9625 0.36041666666666666 0.0625 0.22083333333333333
4 0.03125 0.6104166666666667 0.0625 0.22083333333333333
4 0.109375 0.6104166666666667 0.0625 0.22083333333333333
4 0.1875 0.6104166666666667 0.0625 0.22083333333333333
4 0.265625 0.6104166666666667 0.0625 0.22083333333333333
4 0.34375 0.6104166666666667 0.0625 0.22083333333333333
4 0.421875 0.6104166666666667 0.0625 0.22083333333333333
4 0.5 0.6104166666666667 0.0625 0.22083333333333333
4 0.578125 0.6104166666666667 0.0625 0.22083333333333333
4 0.65625 0.6104166666666667 0.0625 0.22083333333333333
4 0.734375 0.6104166666666667 0.0625 0.22083333333333333
4 0.8125 0.6104166666666667 0.0625 0.22083333333333333
4 0.890625 0.6104166666666667 0.0625 0.22083333333333333
4 0.03125 0.8604166666666667 0.0625 0.22083333333333333
4 0.109375 0.8604166666666667 0.0625 0.22083333333333333
