1 0.01875 0.11458333333333333 0.0375 0.22916666666666666
1 0.071875 0.11458333333333333 0.0375 0.22916666666666666
1 0.125 0.11458333333333333 0.0375 0.22916666666666666
1 0.178125 0.11458333333333333 0.0375 0.22916666666666666
6 0.2421875 0.11041666666666666 0.059375 0.22083333333333333
6 0.3171875 0.11041666666666666 0.059375 0.22083333333333333
6 0.3921875 0.11041666666666666 0.059375 0.22083333333333333
6 0.4671875 0.11041666666666666 0.059375 0.22083333333333333
6 0.5421875 0.11041666666666666 0.059375 0.22083333333333333
6 0.6171875 0.11041666666666666 0.059375 0.22083333333333333
6 0.6921875 0.11041666666666666 0.059375 0.22083333333333333
6 0.7671875 0.11041666666666666 0.059375 0.22083333333333333
6 0.8421875 0.11041666666666666 0.059375 0.22083333333333333
6 0.9171875 0.11041666666666666 0.059375 0.22083333333333333
6 0.0296875 0.36041666666666666 0.059375 0.22083333333333333
6 0.1046875 0.36041666666666666 0.059375 0.22083333333333333
6 0.1796875 0.36041666666666666 0.059375 0.22083333333333333
6 0.2546875 0.36041666666666666 0.059375 0.22083333333333333
6 0.3296875 0.36041666666666666 0.059375 0.22083333333333333
2 0.40625 0.3625 0.0625 0.225
2 0.484375 0.3625 0.0625 0.225
2 0.5625 0.3625 0.0625 0.225
2 0.640625 0.3625 0.0625 0.225
2 0.71875 0.3625 0.0625 0.225
2 0.796875 0.3625 0.0625 0.225
2 0.875 0.3625 0.0625 0.225
2 0.953125 0.3625 0.0625 0.225
2 0.03125 0.6125 0.0625 0.225
2 0.109375 0.6125 0.0625 0.225
2 0.1875 0.6125 0.0625 0.225
2 0.265625 0.6125 0.0625 0.225
