9 0.03125 0.10833333333333334 0.0625 0.21666666666666667
9 0.109375 0.10833333333333334 0.0625 0.21666666666666667
9 0.1875 0.10833333333333334 0.0625 0.21666666666666667
9 0.265625 0.10833333333333334 0.0625 0.21666666666666667
9 0.34375 0.10833333333333334 0.0625 0.21666666666666667
9 0.421875 0.10833333333333334 0.0625 0.21666666666666667
9 0.5 0.10833333333333334 0.0625 0.21666666666666667
9 0.578125 0.10833333333333334 0.0625 0.21666666666666667
9 0.65625 0.10833333333333334 0.0625 0.21666666666666667
9 0.734375 0.10833333333333334 0.0625 0.21666666666666667
9 0.8125 0.10833333333333334 0.0625 0.21666666666666667
9 0.890625 0.10833333333333334 0.0625 0.21666666666666667
9 0.03125 0.35833333333333334 0.0625 0.21666666666666667
9 0.109375 0.35833333333333334 0.0625 0.21666666666666667
9 0.1875 0.35833333333333334 0.0625 0.21666666666666667
9 0.265625 0.35833333333333334 0.0625 0.21666666666666667
9 0.34375 0.35833333333333334 0.0625 0.21666666666666667
9 0.421875 0.35833333333333334 0.0625 0.21666666666666667
9 0.5 0.35833333333333334 0.0625 0.21666666666666667
9 0.578125 0.35833333333333334 0.0625 0.21666666666666667
7 0.65625 0.3541666666666667 0.0625 0.20833333333333334
7 0.734375 0.3541666666666667 0.0625 0.20833333333333334
7 0.8125 0.3541666666666667 0.0625 0.20833333333333334
7 0.890625 0.3541666666666667 0.0625 0.20833333333333334
7 0.03125 0.6041666666666666 0.0625 0.20833333333333334
7 0.109375 0.6041666666666666 0.0625 0.20833333333333334
7 0.1875 0.6041666666666666 0.0625 0.20833333333333334
7 0.265625 0.6041666666666666 0.0625 0.20833333333333334
7 0.34375 0.6041666666666666 0.0625 0.20833333333333334
7 0.421875 0.6041666666666666 0.0625 0.20833333333333334
7 0.5 0.6041666666666666 0.0625 0.20833333333333334
7 0.578125 0.6041666666666666 0.0625 0.20833333333333334
7 0.65625 0.6041666666666666 0.0625 0.20833333333333334
7 0.734375 0.6041666666666666 0.0625 0.20833333333333334
7 0.8125 0.6041666666666666 0.0625 0.20833333333333334
7 0.890625 0.6041666666666666 0.0625 0.20833333333333334
7 0.03125 0.8541666666666666 0.0625 0.20833333333333334
7 0.109375 0.8541666666666666 0.0625 0.20833333333333334
7 0.1875 0.8541666666666666 0.0625 0.20833333333333334
7 0.265625 0.8541666666666666 0.0625 0.20833333333333334
4 0.34375 0.8645833333333334 0.0625 0.22916666666666666
4 0.421875 0.8645833333333334 0.0625 0.22916666666666666
4 0.5 0.8645833333333334 0.0625 0.22916666666666666
4 0.578125 0.8645833333333334 0.0625 0.22916666666666666
4 0.65625 0.8645833333333334 0.0625 0.22916666666666666
4 0.734375 0.8645833333333334 0.0625 0.22916666666666666
4 0.8125 0.8645833333333334 0.0625 0.22916666666666666
4 0.890625 0.8645833333333334 0.0625 0.22916666666666666
