2 0.03125 0.10625 0.0625 0.2125
2 0.109375 0.10625 0.0625 0.2125
2 0.1875 0.10625 0.0625 0.2125
2 0.265625 0.10625 0.0625 0.2125
2 0.34375 0.10625 0.0625 0.2125
2 0.421875 0.10625 0.0625 0.2125
2 0.5 0.10625 0.0625 0.2125
2 0.578125 0.10625 0.0625 0.2125
2 0.65625 0.10625 0.0625 0.2125
2 0.734375 0.10625 0.0625 0.2125
2 0.8125 0.10625 0.0625 0.2125
2 0.890625 0.10625 0.0625 0.2125
9 0.9671875 0.10625 0.059375 0.2125
9 0.0296875 0.35625 0.059375 0.2125
9 0.1046875 0.35625 0.059375 0.2125
9 0.1796875 0.35625 0.059375 0.2125
9 0.2546875 0.35625 0.059375 0.2125
9 0.3296875 0.35625 0.059375 0.2125
9 0.4046875 0.35625 0.059375 0.2125
9 0.4796875 0.35625 0.059375 0.2125
9 0.5546875 0.35625 0.059375 0.2125
9 0.6296875 0.35625 0.059375 0.2125
9 0.7046875 0.35625 0.059375 0.2125
9 0.7796875 0.35625 0.059375 0.2125
9 0.8546875 0.35625 0.059375 0.2125
9 0.9296875 0.35625 0.059375 0.2125
9 0.0296875 0.60625 0.059375 0.2125
9 0.1046875 0.60625 0.059375 0.2125
9 0.1796875 0.60625 0.059375 0.2125
9 0.2546875 0.60625 0.059375 0.2125
9 0.3296875 0.60625 0.059375 0.2125
9 0.4046875 0.60625 0.059375 0.2125
4 0.478125 0.6104166666666667 0.05625 0.22083333333333333
4 0.55 0.6104166666666667 0.05625 0.22083333333333333
4 0.621875 0.6104166666666667 0.05625 0.22083333333333333
4 0.69375 0.6104166666666667 0.05625 0.22083333333333333
4 0.765625 0.6104166666666667 0.05625 0.22083333333333333
4 0.8375 0.6104166666666667 0.05625 0.22083333333333333
4 0.909375 0.6104166666666667 0.05625 0.22083333333333333
4 0.028125 0.8604166666666667 0.05625 0.22083333333333333
4 0.1 0.8604166666666667 0.05625 0.22083333333333333
4 0.171875 0.8604166666666667 0.05625 0.22083333333333333
4 0.24375 0.8604166666666667 0.05625 0.22083333333333333
4 0.315625 0.8604166666666667 0.05625 0.22083333333333333
4 0.3875 0.8604166666666667 0.05625 0.22083333333333333
4 0.459375 0.8604166666666667 0.05625 0.22083333333333333
4 0.53125 0.8604166666666667 0.05625 0.22083333333333333
4 0.603125 0.8604166666666667 0.05625 0.22083333333333333
4 0.675 0.8604166666666667 0.05625 0.22083333333333333
4 0.746875 0.8604166666666667 0.05625 0.22083333333333333
4 0.81875 0.8604166666666667 0.05625 0.22083333333333333
4 0.890625 0.8604166666666667 0.05625 0.22083333333333333
4 0.9625 0.8604166666666667 0.05625 0.22083333333333333
