1 0.0171875 0.1125 0.034375 0.225
1 0.0671875 0.1125 0.034375 0.225
1 0.1171875 0.1125 0.034375 0.225
1 0.1671875 0.1125 0.034375 0.225
1 0.221875 0.10833333333333334 0.04375 0.21666666666666667
1 0.28125 0.10833333333333334 0.04375 0.21666666666666667
1 0.340625 0.10833333333333334 0.04375 0.21666666666666667
1 0.4 0.10833333333333334 0.04375 0.21666666666666667
9 0.46875 0.11041666666666666 0.0625 0.22083333333333333
9 0.546875 0.11041666666666666 0.0625 0.22083333333333333
9 0.625 0.11041666666666666 0.0625 0.22083333333333333
9 0.703125 0.11041666666666666 0.0625 0.22083333333333333
9 0.78125 0.11041666666666666 0.0625 0.22083333333333333
9 0.859375 0.11041666666666666 0.0625 0.22083333333333333
9 0.9375 0.11041666666666666 0.0625 0.22083333333333333
9 0.03125 0.36041666666666666 0.0625 0.22083333333333333
9 0.109375 0.36041666666666666 0.0625 0.22083333333333333
9 0.1875 0.36041666666666666 0.0625 0.22083333333333333
9 0.265625 0.36041666666666666 0.0625 0.22083333333333333
9 0.34375 0.36041666666666666 0.0625 0.22083333333333333
9 0.421875 0.36041666666666666 0.0625 0.22083333333333333
9 0.5 0.36041666666666666 0.0625 0.22083333333333333
9 0.578125 0.36041666666666666 0.0625 0.22083333333333333
9 0.65625 0.36041666666666666 0.0625 0.22083333333333333
9 0.734375 0.36041666666666666 0.0625 0.22083333333333333
9 0.8125 0.36041666666666666 0.0625 0.22083333333333333
9 0.890625 0.36041666666666666 0.0625 0.22083333333333333
9 0.03125 0.6104166666666667 0.0625 0.22083333333333333
9 0.109375 0.6125 0.0625 0.225
9 0.1875 0.6125 0.0625 0.225
9 0.265625 0.6125 0.0625 0.225
9 0.34375 0.6125 0.0625 0.225
9 0.421875 0.6125 0.0625 0.225
9 0.5 0.6125 0.0625 0.225
9 0.578125 0.6125 0.0625 0.225
9 0.65625 0.6125 0.0625 0.225
9 0.734375 0.6125 0.0625 0.225
9 0.8125 0.6125 0.0625 0.225
9 0.890625 0.6125 0.0625 0.225
9 0.03125 0.8625 0.0625 0.225
9 0.109375 0.8625 0.0625 0.225
9 0.1875 0.8625 0.0625 0.225
9 0.265625 0.8625 0.0625 0.225
9 0.34375 0.8625 0.0625 0.225
9 0.421875 0.8625 0.0625 0.225
9 0.5 0.8625 0.0625 0.225
9 0.578125 0.8625 0.0625 0.225
9 0.65625 0.8625 0.0625 0.225
