1 0.0171875 0.1125 0.034375 0.225
1 0.0671875 0.1125 0.034375 0.225
1 0.1171875 0.1125 0.034375 0.225
1 0.1671875 0.1125 0.034375 0.225
8 0.23125 0.11458333333333333 0.0625 0.22916666666666666
8 0.309375 0.11458333333333333 0.0625 0.22916666666666666
8 0.3875 0.11458333333333333 0.0625 0.22916666666666666
8 0.465625 0.11458333333333333 0.0625 0.22916666666666666
8 0.54375 0.11458333333333333 0.0625 0.22916666666666666
8 0.621875 0.11458333333333333 0.0625 0.22916666666666666
8 0.7 0.11458333333333333 0.0625 0.22916666666666666
8 0.778125 0.11458333333333333 0.0625 0.22916666666666666
8 0.85625 0.11458333333333333 0.0625 0.22916666666666666
8 0.934375 0.11458333333333333 0.0625 0.22916666666666666
8 0.03125 0.3645833333333333 0.0625 0.22916666666666666
8 0.109375 0.3645833333333333 0.0625 0.22916666666666666
8 0.1875 0.3645833333333333 0.0625 0.22916666666666666
8 0.265625 0.3645833333333333 0.0625 0.22916666666666666
8 0.34375 0.3645833333333333 0.0625 0.22916666666666666
8 0.421875 0.3645833333333333 0.0625 0.22916666666666666
8 0.5 0.3645833333333333 0.0625 0.22916666666666666
8 0.578125 0.3645833333333333 0.0625 0.22916666666666666
8 0.65625 0.3645833333333333 0.0625 0.22916666666666666
8 0.734375 0.3645833333333333 0.0625 0.22916666666666666
8 0.8125 0.3645833333333333 0.0625 0.22916666666666666
8 0.890625 0.3645833333333333 0.0625 0.22916666666666666
8 0.03125 0.6145833333333334 0.0625 0.22916666666666666
7 0.1109375 0.61875 0.065625 0.2375
7 0.1921875 0.61875 0.065625 0.2375
7 0.2734375 0.61875 0.065625 0.2375
7 0.3546875 0.61875 0.065625 0.2375
7 0.4359375 0.61875 0.065625 0.2375
7 0.5171875 0.61875 0.065625 0.2375
7 0.5984375 0.61875 0.065625 0.2375
7 0.6796875 0.61875 0.065625 0.2375
7 0.7609375 0.61875 0.065625 0.2375
7 0.8421875 0.61875 0.065625 0.2375
7 0.9234375 0.61875 0.065625 0.2375
7 0.0328125 0.86875 0.065625 0.2375
7 0.1140625 0.86875 0.065625 0.2375
7 0.1953125 0.86875 0.065625 0.2375
7 0.2765625 0.86875 0.065625 0.2375
7 0.3578125 0.86875 0.065625 0.2375
7 0.4390625 0.86875 0.065625 0.2375
7 0.5203125 0.86875 0.065625 0.2375
7 0.6015625 0.86875 0.065625 0.2375
7 0.6828125 0.86875 0.065625 0.2375
