1 0.0171875 0.11041666666666666 0.034375 0.22083333333333333
1 0.0671875 0.11041666666666666 0.034375 0.22083333333333333
1 0.1171875 0.11041666666666666 0.034375 0.22083333333333333
1 0.1671875 0.11041666666666666 0.034375 0.22083333333333333
2 0.23125 0.11041666666666666 0.0625 0.22083333333333333
2 0.309375 0.11041666666666666 0.0625 0.22083333333333333
2 0.3875 0.11041666666666666 0.0625 0.22083333333333333
2 0.465625 0.11041666666666666 0.0625 0.22083333333333333
2 0.54375 0.11041666666666666 0.0625 0.22083333333333333
2 0.621875 0.11041666666666666 0.0625 0.22083333333333333
2 0.7 0.11041666666666666 0.0625 0.22083333333333333
2 0.778125 0.11041666666666666 0.0625 0.22083333333333333
2 0.85625 0.11041666666666666 0.0625 0.22083333333333333
2 0.934375 0.11041666666666666 0.0625 0.22083333333333333
2 0.03125 0.36041666666666666 0.0625 0.22083333333333333
2 0.109375 0.36041666666666666 0.0625 0.22083333333333333
6 0.1859375 0.3625 0.059375 0.225
6 0.2609375 0.3625 0.059375 0.225
6 0.3359375 0.3625 0.059375 0.225
6 0.4109375 0.3625 0.059375 0.225
6 0.4859375 0.3625 0.059375 0.225
6 0.5609375 0.3625 0.059375 0.225
6 0.6359375 0.3625 0.059375 0.225
6 0.7109375 0.3625 0.059375 0.225
6 0.7859375 0.3625 0.059375 0.225
6 0.8609375 0.3625 0.059375 0.225
6 0.9359375 0.3625 0.059375 0.225
6 0.0296875 0.6125 0.059375 0.225
6 0.1046875 0.6125 0.059375 0.225
6 0.1796875 0.6125 0.059375 0.225
6 0.2546875 0.6125 0.059375 0.225
