1 0.01875 0.11458333333333333 0.0375 0.22916666666666666
1 0.071875 0.11458333333333333 0.0375 0.22916666666666666
1 0.125 0.11458333333333333 0.0375 0.22916666666666666
1 0.178125 0.11458333333333333 0.0375 0.22916666666666666
2 0.24375 0.10833333333333334 0.0625 0.21666666666666667
2 0.321875 0.10833333333333334 0.0625 0.21666666666666667
2 0.4 0.10833333333333334 0.0625 0.21666666666666667
2 0.478125 0.10833333333333334 0.0625 0.21666666666666667
2 0.55625 0.10833333333333334 0.0625 0.21666666666666667
2 0.634375 0.10833333333333334 0.0625 0.21666666666666667
2 0.7125 0.10833333333333334 0.0625 0.21666666666666667
2 0.790625 0.10833333333333334 0.0625 0.21666666666666667
2 0.86875 0.10833333333333334 0.0625 0.21666666666666667
2 0.946875 0.10833333333333334 0.0625 0.21666666666666667
2 0.03125 0.35833333333333334 0.0625 0.21666666666666667
2 0.109375 0.35833333333333334 0.0625 0.21666666666666667
9 0.1875 0.36041666666666666 0.0625 0.22083333333333333
9 0.265625 0.36041666666666666 0.0625 0.22083333333333333
9 0.34375 0.36041666666666666 0.0625 0.22083333333333333
9 0.421875 0.36041666666666666 0.0625 0.22083333333333333
9 0.5 0.36041666666666666 0.0625 0.22083333333333333
9 0.578125 0.36041666666666666 0.0625 0.22083333333333333
9 0.65625 0.36041666666666666 0.0625 0.22083333333333333
9 0.734375 0.36041666666666666 0.0625 0.22083333333333333
9 0.8125 0.36041666666666666 0.0625 0.22083333333333333
9 0.890625 0.36041666666666666 0.0625 0.22083333333333333
9 0.03125 0.6104166666666667 0.0625 0.22083333333333333
9 0.109375 0.6104166666666667 0.0625 0.22083333333333333
9 0.1875 0.6104166666666667 0.0625 0.22083333333333333
9 0.265625 0.6104166666666667 0.0625 0.22083333333333333
9 0.34375 0.6104166666666667 0.0625 0.22083333333333333
9 0.421875 0.6104166666666667 0.0625 0.22083333333333333
9 0.5 0.6104166666666667 0.0625 0.22083333333333333
9 0.578125 0.6104166666666667 0.0625 0.22083333333333333
9 0.65625 0.6104166666666667 0.0625 0.22083333333333333
9 0.734375 0.6104166666666667 0.0625 0.22083333333333333
5 0.8125 0.6166666666666667 0.0625 0.23333333333333334
5 0.890625 0.6166666666666667 0.0625 0.23333333333333334
5 0.03125 0.8666666666666667 0.0625 0.23333333333333334
5 0.109375 0.8666666666666667 0.0625 0.23333333333333334
5 0.1875 0.8666666666666667 0.0625 0.23333333333333334
5 0.265625 0.8666666666666667 0.0625 0.23333333333333334
5 0.34375 0.8666666666666667 0.0625 0.23333333333333334
5 0.421875 0.8666666666666667 0.0625 0.23333333333333334
5 0.5 0.8666666666666667 0.0625 0.23333333333333334
5 0.578125 0.8666666666666667 0.0625 0.23333333333333334
5 0.65625 0.8666666666666667 0.0625 0.23333333333333334
5 0.734375 0.8666666666666667 0.0625 0.23333333333333334
5 0.8125 0.8666666666666667 0.0625 0.23333333333333334
5 0.890625 0.8666666666666667 0.0625 0.23333333333333334
