1 0.015625 0.11666666666666667 0.03125 0.23333333333333334
1 0.0625 0.11666666666666667 0.03125 0.23333333333333334
1 0.109375 0.11666666666666667 0.03125 0.23333333333333334
1 0.15625 0.11666666666666667 0.03125 0.23333333333333334
3 0.2171875 0.1125 0.059375 0.225
3 0.2921875 0.1125 0.059375 0.225
3 0.3671875 0.1125 0.059375 0.225
3 0.4421875 0.1125 0.059375 0.225
3 0.5171875 0.1125 0.059375 0.225
3 0.5921875 0.1125 0.059375 0.225
3 0.6671875 0.1125 0.059375 0.225
3 0.7421875 0.1125 0.059375 0.225
3 0.8171875 0.1125 0.059375 0.225
3 0.8921875 0.1125 0.059375 0.225
3 0.9671875 0.1125 0.059375 0.225
3 0.0296875 0.3625 0.059375 0.225
3 0.1046875 0.3625 0.059375 0.225
3 0.1796875 0.3625 0.059375 0.225
3 0.2546875 0.3625 0.059375 0.225
3 0.3296875 0.3625 0.059375 0.225
3 0.4046875 0.3625 0.059375 0.225
3 0.4796875 0.3625 0.059375 0.225
3 0.5546875 0.3625 0.059375 0.225
3 0.6296875 0.3625 0.059375 0.225
2 0.70625 0.36041666666666666 0.0625 0.22083333333333333
2 0.784375 0.36041666666666666 0.0625 0.22083333333333333
2 0.8625 0.36041666666666666 0.0625 0.22083333333333333
2 0.940625 0.36041666666666666 0.0625 0.22083333333333333
2 0.03125 0.6104166666666667 0.0625 0.22083333333333333
2 0.109375 0.6104166666666667 0.0625 0.22083333333333333
2 0.1875 0.6104166666666667 0.0625 0.22083333333333333
2 0.265625 0.6104166666666667 0.0625 0.22083333333333333
2 0.34375 0.6104166666666667 0.0625 0.22083333333333333
2 0.421875 0.6104166666666667 0.0625 0.22083333333333333
2 0.5 0.6104166666666667 0.0625 0.22083333333333333
2 0.578125 0.6104166666666667 0.0625 0.22083333333333333
